1 31.85056704 -102.114898
2 31.85226237 -102.1171048
3 31.85235197 -102.1150035
4 31.85244152 -102.1129021
5 31.85253103 -102.1108007
6 31.85262051 -102.1086993
7 31.85270994 -102.1065979
8 31.85404731 -102.1172104
9 31.8541369 -102.1151089
10 31.85422646 -102.1130075
11 31.85431598 -102.1109061
12 31.85440545 -102.1088046
13 31.85449489 -102.1067032
14 31.85458428 -102.1046017
15 31.85467363 -102.1025003
16 31.85476294 -102.1003988
17 31.85583225 -102.1173159
18 31.85592185 -102.1152144
19 31.85601141 -102.1131129
20 31.85610092 -102.1110114
21 31.8561904 -102.1089099
22 31.85627984 -102.1068085
23 31.85636923 -102.104707
24 31.85645859 -102.1026055
25 31.8565479 -102.100504
26 31.85663718 -102.0984024
27 31.85672641 -102.0963009
28 31.8568156 -102.0941994
29 31.85752755 -102.1195229
30 31.85761719 -102.1174214
31 31.85770679 -102.1153199
32 31.85779636 -102.1132183
33 31.85788588 -102.1111168
34 31.85797536 -102.1090153
35 31.8580648 -102.1069137
36 31.85815419 -102.1048122
37 31.85824355 -102.1027106
38 31.85833287 -102.1006091
39 31.85842215 -102.0985075
40 31.85851138 -102.096406
41 31.85860058 -102.0943044
42 31.85868973 -102.0922028
43 31.85877884 -102.0901013
44 31.85886791 -102.0879997
45 31.85895695 -102.0858981
46 31.8593125 -102.1196285
47 31.85940215 -102.1175269
48 31.85949175 -102.1154253
49 31.85958131 -102.1133238
50 31.85967084 -102.1112222
51 31.85976032 -102.1091206
52 31.85984976 -102.107019
53 31.85993916 -102.1049174
54 31.86002852 -102.1028158
55 31.86011784 -102.1007142
56 31.86020712 -102.0986126
57 31.86029636 -102.096511
58 31.86038555 -102.0944094
59 31.86047471 -102.0923078
60 31.86056383 -102.0902061
61 31.8606529 -102.0881045
62 31.86074193 -102.0860029
63 31.86083093 -102.0839012
64 31.86091988 -102.0817996
65 31.86100879 -102.079698
66 31.86109746 -102.119734
67 31.8611871 -102.1176324
68 31.86127671 -102.1155308
69 31.86136628 -102.1134292
70 31.8614558 -102.1113276
71 31.86154529 -102.1092259
72 31.86163473 -102.1071243
73 31.86172413 -102.1050227
74 31.8618135 -102.102921
75 31.86190282 -102.1008194
76 31.8619921 -102.0987177
77 31.86208134 -102.0966161
78 31.86217054 -102.0945144
79 31.8622597 -102.0924127
80 31.86234881 -102.090311
81 31.86243789 -102.0882094
82 31.86252693 -102.0861077
83 31.86261592 -102.084006
84 31.86270488 -102.0819043
85 31.86279379 -102.0798026
86 31.86288267 -102.0777009
87 31.8629715 -102.0755992
88 31.86306029 -102.0734975
89 31.86279273 -102.1219413
90 31.86288242 -102.1198396
91 31.86297207 -102.117738
92 31.86306168 -102.1156363
93 31.86315125 -102.1135346
94 31.86324077 -102.1114329
95 31.86333026 -102.1093313
96 31.86341971 -102.1072296
97 31.86350911 -102.1051279
98 31.86359848 -102.1030262
99 31.8636878 -102.1009245
100 31.86377708 -102.0988228
101 31.86386633 -102.0967211
102 31.86395553 -102.0946194
103 31.86404469 -102.0925177
104 31.86413381 -102.090416
105 31.86422289 -102.0883142
106 31.86431193 -102.0862125
107 31.86440093 -102.0841108
108 31.86448988 -102.082009
109 31.8645788 -102.0799073
110 31.86466768 -102.0778055
111 31.86475651 -102.0757038
112 31.86484531 -102.073602
113 31.86493406 -102.0715003
114 31.86502277 -102.0693985
115 31.86511144 -102.0672967
116 31.86520007 -102.0651949
117 31.86457769 -102.1220469
118 31.86466739 -102.1199452
119 31.86475704 -102.1178435
120 31.86484665 -102.1157418
121 31.86493622 -102.1136401
122 31.86502575 -102.1115383
123 31.86511524 -102.1094366
124 31.86520469 -102.1073349
125 31.8652941 -102.1052331
126 31.86538346 -102.1031314
127 31.86547279 -102.1010297
128 31.86556208 -102.0989279
129 31.86565132 -102.0968262
130 31.86574053 -102.0947244
131 31.86582969 -102.0926226
132 31.86591881 -102.0905209
133 31.86600789 -102.0884191
134 31.86609693 -102.0863173
135 31.86618593 -102.0842155
136 31.86627489 -102.0821137
137 31.86636381 -102.080012
138 31.86645269 -102.0779102
139 31.86654153 -102.0758084
140 31.86663033 -102.0737065
141 31.86671908 -102.0716047
142 31.8668078 -102.0695029
143 31.86689647 -102.0674011
144 31.8669851 -102.0652993
145 31.8670737 -102.0631974
146 31.86716225 -102.0610956
147 31.86725076 -102.0589938
148 31.86636267 -102.1221525
149 31.86645236 -102.1200508
150 31.86654202 -102.117949
151 31.86663163 -102.1158473
152 31.8667212 -102.1137455
153 31.86681074 -102.1116437
154 31.86690023 -102.109542
155 31.86698968 -102.1074402
156 31.86707909 -102.1053384
157 31.86716846 -102.1032366
158 31.86725779 -102.1011348
159 31.86734707 -102.099033
160 31.86743632 -102.0969312
161 31.86752553 -102.0948294
162 31.86761469 -102.0927276
163 31.86770382 -102.0906258
164 31.8677929 -102.088524
165 31.86788195 -102.0864221
166 31.86797095 -102.0843203
167 31.86805991 -102.0822185
168 31.86814883 -102.0801166
169 31.86823771 -102.0780148
170 31.86832655 -102.0759129
171 31.86841535 -102.0738111
172 31.86850411 -102.0717092
173 31.86859283 -102.0696074
174 31.8686815 -102.0675055
175 31.86877014 -102.0654036
176 31.86885874 -102.0633017
177 31.86894729 -102.0611999
178 31.8690358 -102.059098
179 31.86912428 -102.0569961
180 31.86921271 -102.0548942
181 31.8693011 -102.0527923
182 31.86938945 -102.0506904
183 31.86805791 -102.12436
184 31.86814764 -102.1222582
185 31.86823734 -102.1201564
186 31.868327 -102.1180546
187 31.86841662 -102.1159528
188 31.86850619 -102.113851
189 31.86859573 -102.1117491
190 31.86868522 -102.1096473
191 31.86877467 -102.1075455
192 31.86886409 -102.1054437
193 31.86895346 -102.1033418
194 31.86904279 -102.10124
195 31.86913208 -102.0991381
196 31.86922133 -102.0970363
197 31.86931054 -102.0949344
198 31.86939971 -102.0928326
199 31.86948883 -102.0907307
200 31.86957792 -102.0886288
201 31.86966696 -102.086527
202 31.86975597 -102.0844251
203 31.86984493 -102.0823232
204 31.86993386 -102.0802213
205 31.87002274 -102.0781194
206 31.87011158 -102.0760175
207 31.87020038 -102.0739156
208 31.87028914 -102.0718137
209 31.87037786 -102.0697118
210 31.87046654 -102.0676099
211 31.87055518 -102.065508
212 31.87064378 -102.063406
213 31.87073234 -102.0613041
214 31.87082085 -102.0592022
215 31.87090933 -102.0571002
216 31.87099776 -102.0549983
217 31.87108616 -102.0528963
218 31.87117451 -102.0507944
219 31.87126282 -102.0486924
220 31.87135109 -102.0465905
221 31.87143932 -102.0444885
222 31.86984289 -102.1244657
223 31.86993263 -102.1223638
224 31.87002233 -102.120262
225 31.87011199 -102.1181601
226 31.87020161 -102.1160583
227 31.87029119 -102.1139564
228 31.87038072 -102.1118545
229 31.87047022 -102.1097527
230 31.87055967 -102.1076508
231 31.87064909 -102.1055489
232 31.87073846 -102.103447
233 31.8708278 -102.1013451
234 31.87091709 -102.0992433
235 31.87100634 -102.0971414
236 31.87109555 -102.0950395
237 31.87118472 -102.0929375
238 31.87127385 -102.0908356
239 31.87136294 -102.0887337
240 31.87145199 -102.0866318
241 31.871541 -102.0845299
242 31.87162996 -102.0824279
243 31.87171889 -102.080326
244 31.87180777 -102.0782241
245 31.87189662 -102.0761221
246 31.87198542 -102.0740202
247 31.87207419 -102.0719182
248 31.87216291 -102.0698162
249 31.87225159 -102.0677143
250 31.87234023 -102.0656123
251 31.87242883 -102.0635103
252 31.87251739 -102.0614084
253 31.87260591 -102.0593064
254 31.87269438 -102.0572044
255 31.87278282 -102.0551024
256 31.87287122 -102.0530004
257 31.87295957 -102.0508984
258 31.87304789 -102.0487964
259 31.87313616 -102.0466944
260 31.87322439 -102.0445924
261 31.87331259 -102.0424903
262 31.87340074 -102.0403883
263 31.87162788 -102.1245714
264 31.87171762 -102.1224695
265 31.87180732 -102.1203676
266 31.87189698 -102.1182657
267 31.8719866 -102.1161638
268 31.87207619 -102.1140619
269 31.87216572 -102.11196
270 31.87225522 -102.109858
271 31.87234468 -102.1077561
272 31.8724341 -102.1056542
273 31.87252347 -102.1035523
274 31.87261281 -102.1014503
275 31.87270211 -102.0993484
276 31.87279136 -102.0972464
277 31.87288057 -102.0951445
278 31.87296975 -102.0930425
279 31.87305888 -102.0909406
280 31.87314797 -102.0888386
281 31.87323702 -102.0867366
282 31.87332603 -102.0846347
283 31.873415 -102.0825327
284 31.87350393 -102.0804307
285 31.87359281 -102.0783287
286 31.87368166 -102.0762267
287 31.87377047 -102.0741247
288 31.87385923 -102.0720227
289 31.87394796 -102.0699207
290 31.87403664 -102.0678187
291 31.87412528 -102.0657167
292 31.87421389 -102.0636146
293 31.87430245 -102.0615126
294 31.87439097 -102.0594106
295 31.87447945 -102.0573086
296 31.87456789 -102.0552065
297 31.87465628 -102.0531045
298 31.87474464 -102.0510024
299 31.87483296 -102.0489004
300 31.87492124 -102.0467983
301 31.87500947 -102.0446962
302 31.87509767 -102.0425942
303 31.87518582 -102.0404921
304 31.87332308 -102.126779
305 31.87341287 -102.1246771
306 31.87350262 -102.1225751
307 31.87359232 -102.1204732
308 31.87368199 -102.1183712
309 31.87377161 -102.1162693
310 31.87386119 -102.1141673
311 31.87395073 -102.1120654
312 31.87404023 -102.1099634
313 31.87412969 -102.1078614
314 31.87421911 -102.1057595
315 31.87430849 -102.1036575
316 31.87439783 -102.1015555
317 31.87448713 -102.0994535
318 31.87457638 -102.0973515
319 31.8746656 -102.0952495
320 31.87475478 -102.0931475
321 31.87484391 -102.0910455
322 31.874933 -102.0889435
323 31.87502206 -102.0868415
324 31.87511107 -102.0847394
325 31.87520004 -102.0826374
326 31.87528897 -102.0805354
327 31.87537786 -102.0784334
328 31.87546671 -102.0763313
329 31.87555552 -102.0742293
330 31.87564428 -102.0721272
331 31.87573301 -102.0700252
332 31.8758217 -102.0679231
333 31.87591034 -102.065821
334 31.87599895 -102.063719
335 31.87608751 -102.0616169
336 31.87617603 -102.0595148
337 31.87626452 -102.0574127
338 31.87635296 -102.0553106
339 31.87644136 -102.0532085
340 31.87652972 -102.0511064
341 31.87661804 -102.0490043
342 31.87670632 -102.0469022
343 31.87679455 -102.0448001
344 31.87688275 -102.042698
345 31.87510808 -102.1268847
346 31.87519787 -102.1247828
347 31.87528762 -102.1226808
348 31.87537733 -102.1205788
349 31.87546699 -102.1184768
350 31.87555662 -102.1163748
351 31.8756462 -102.1142728
352 31.87573575 -102.1121708
353 31.87582525 -102.1100688
354 31.87591471 -102.1079668
355 31.87600414 -102.1058647
356 31.87609352 -102.1037627
357 31.87618286 -102.1016607
358 31.87627216 -102.0995586
359 31.87636142 -102.0974566
360 31.87645063 -102.0953545
361 31.87653981 -102.0932525
362 31.87662895 -102.0911504
363 31.87671804 -102.0890484
364 31.8768071 -102.0869463
365 31.87689611 -102.0848442
366 31.87698509 -102.0827422
367 31.87707402 -102.0806401
368 31.87716291 -102.078538
369 31.87725176 -102.0764359
370 31.87734057 -102.0743338
371 31.87742934 -102.0722317
372 31.87751807 -102.0701296
373 31.87760676 -102.0680275
374 31.87769541 -102.0659254
375 31.87778402 -102.0638233
376 31.87787258 -102.0617212
377 31.87796111 -102.059619
378 31.87804959 -102.0575169
379 31.87813804 -102.0554148
380 31.87822644 -102.0533126
381 31.8783148 -102.0512105
382 31.87840312 -102.0491083
383 31.8784914 -102.0470062
384 31.87857964 -102.044904
385 31.87866784 -102.0428018
386 31.87680325 -102.1290925
387 31.87689309 -102.1269905
388 31.87698288 -102.1248885
389 31.87707263 -102.1227864
390 31.87716234 -102.1206844
391 31.87725201 -102.1185824
392 31.87734163 -102.1164803
393 31.87743122 -102.1143783
394 31.87752077 -102.1122762
395 31.87761027 -102.1101741
396 31.87769974 -102.1080721
397 31.87778916 -102.10597
398 31.87787855 -102.1038679
399 31.87796789 -102.1017659
400 31.87805719 -102.0996638
401 31.87814645 -102.0975617
402 31.87823567 -102.0954596
403 31.87832485 -102.0933575
404 31.87841399 -102.0912554
405 31.87850309 -102.0891533
406 31.87859215 -102.0870512
407 31.87868116 -102.084949
408 31.87877014 -102.0828469
409 31.87885908 -102.0807448
410 31.87894797 -102.0786427
411 31.87903682 -102.0765405
412 31.87912564 -102.0744384
413 31.87921441 -102.0723362
414 31.87930314 -102.0702341
415 31.87939183 -102.0681319
416 31.87948048 -102.0660298
417 31.87956909 -102.0639276
418 31.87965766 -102.0618254
419 31.87974619 -102.0597233
420 31.87983467 -102.0576211
421 31.87992312 -102.0555189
422 31.88001152 -102.0534167
423 31.88009989 -102.0513145
424 31.88018821 -102.0492123
425 31.8802765 -102.0471101
426 31.88036474 -102.0450079
427 31.88045294 -102.0429057
428 31.87858826 -102.1291983
429 31.8786781 -102.1270963
430 31.87876789 -102.1249942
431 31.87885764 -102.1228921
432 31.87894735 -102.12079
433 31.87903703 -102.1186879
434 31.87912666 -102.1165858
435 31.87921625 -102.1144837
436 31.87930579 -102.1123816
437 31.8793953 -102.1102795
438 31.87948477 -102.1081774
439 31.8795742 -102.1060753
440 31.87966358 -102.1039732
441 31.87975293 -102.101871
442 31.87984223 -102.0997689
443 31.8799315 -102.0976668
444 31.88002072 -102.0955646
445 31.8801099 -102.0934625
446 31.88019904 -102.0913603
447 31.88028814 -102.0892582
448 31.8803772 -102.087156
449 31.88046622 -102.0850539
450 31.8805552 -102.0829517
451 31.88064414 -102.0808495
452 31.88073303 -102.0787473
453 31.88082189 -102.0766451
454 31.88091071 -102.074543
455 31.88099948 -102.0724408
456 31.88108821 -102.0703386
457 31.88117691 -102.0682364
458 31.88126556 -102.0661341
459 31.88135417 -102.0640319
460 31.88144274 -102.0619297
461 31.88153127 -102.0598275
462 31.88161976 -102.0577253
463 31.88170821 -102.055623
464 31.88179662 -102.0535208
465 31.88188498 -102.0514185
466 31.88197331 -102.0493163
467 31.8820616 -102.047214
468 31.88214984 -102.0451118
469 31.88037328 -102.1293041
470 31.88046311 -102.127202
471 31.88055291 -102.1250999
472 31.88064266 -102.1229978
473 31.88073238 -102.1208956
474 31.88082205 -102.1187935
475 31.88091168 -102.1166914
476 31.88100128 -102.1145892
477 31.88109083 -102.1124871
478 31.88118034 -102.1103849
479 31.88126981 -102.1082828
480 31.88135924 -102.1061806
481 31.88144862 -102.1040784
482 31.88153797 -102.1019762
483 31.88162728 -102.0998741
484 31.88171654 -102.0977719
485 31.88180577 -102.0956697
486 31.88189495 -102.0935675
487 31.8819841 -102.0914653
488 31.8820732 -102.0893631
489 31.88216226 -102.0872609
490 31.88225128 -102.0851587
491 31.88234027 -102.0830564
492 31.88242921 -102.0809542
493 31.8825181 -102.078852
494 31.88260696 -102.0767498
495 31.88269578 -102.0746475
496 31.88278456 -102.0725453
497 31.88287329 -102.070443
498 31.88296199 -102.0683408
499 31.88305064 -102.0662385
500 31.88313926 -102.0641363
501 31.88322783 -102.062034
502 31.88331636 -102.0599317
503 31.88340485 -102.0578294
504 31.88349331 -102.0557272
505 31.88358172 -102.0536249
506 31.88367008 -102.0515226
507 31.88375841 -102.0494203
508 31.8838467 -102.047318
509 31.88393495 -102.0452157
510 31.88206842 -102.1315121
511 31.8821583 -102.12941
512 31.88224813 -102.1273078
513 31.88233793 -102.1252056
514 31.88242769 -102.1231035
515 31.88251741 -102.1210013
516 31.88260708 -102.1188991
517 31.88269672 -102.1167969
518 31.88278631 -102.1146947
519 31.88287587 -102.1125925
520 31.88296538 -102.1104903
521 31.88305485 -102.1083881
522 31.88314428 -102.1062859
523 31.88323367 -102.1041837
524 31.88332302 -102.1020814
525 31.88341233 -102.0999792
526 31.8835016 -102.097877
527 31.88359083 -102.0957747
528 31.88368001 -102.0936725
529 31.88376916 -102.0915703
530 31.88385827 -102.089468
531 31.88394733 -102.0873657
532 31.88403635 -102.0852635
533 31.88412534 -102.0831612
534 31.88421428 -102.0810589
535 31.88430318 -102.0789567
536 31.88439204 -102.0768544
537 31.88448086 -102.0747521
538 31.88456964 -102.0726498
539 31.88465838 -102.0705475
540 31.88474708 -102.0684452
541 31.88483573 -102.0663429
542 31.88492435 -102.0642406
543 31.88501293 -102.0621383
544 31.88510146 -102.060036
545 31.88518995 -102.0579336
546 31.88527841 -102.0558313
547 31.88536682 -102.053729
548 31.88545519 -102.0516266
549 31.88554352 -102.0495243
550 31.88563181 -102.0474219
551 31.88385344 -102.131618
552 31.88394332 -102.1295158
553 31.88403316 -102.1274136
554 31.88412296 -102.1253114
555 31.88421272 -102.1232091
556 31.88430244 -102.1211069
557 31.88439212 -102.1190047
558 31.88448176 -102.1169024
559 31.88457135 -102.1148002
560 31.88466091 -102.112698
561 31.88475043 -102.1105957
562 31.8848399 -102.1084934
563 31.88492933 -102.1063912
564 31.88501873 -102.1042889
565 31.88510808 -102.1021866
566 31.88519739 -102.1000844
567 31.88528666 -102.0979821
568 31.88537589 -102.0958798
569 31.88546508 -102.0937775
570 31.88555423 -102.0916752
571 31.88564334 -102.0895729
572 31.8857324 -102.0874706
573 31.88582143 -102.0853683
574 31.88591041 -102.083266
575 31.88599936 -102.0811637
576 31.88608826 -102.0790613
577 31.88617713 -102.076959
578 31.88626595 -102.0748567
579 31.88635473 -102.0727543
580 31.88644347 -102.070652
581 31.88653217 -102.0685497
582 31.88662083 -102.0664473
583 31.88670945 -102.0643449
584 31.88679803 -102.0622426
585 31.88688656 -102.0601402
586 31.88697506 -102.0580378
587 31.88706352 -102.0559355
588 31.88715193 -102.0538331
589 31.8872403 -102.0517307
590 31.88732864 -102.0496283
591 31.88741693 -102.0475259
592 31.88563847 -102.1317239
593 31.88572835 -102.1296216
594 31.8858182 -102.1275194
595 31.885908 -102.1254171
596 31.88599776 -102.1233148
597 31.88608748 -102.1212126
598 31.88617716 -102.1191103
599 31.8862668 -102.117008
600 31.8863564 -102.1149057
601 31.88644596 -102.1128034
602 31.88653548 -102.1107011
603 31.88662496 -102.1085988
604 31.88671439 -102.1064965
605 31.88680379 -102.1043942
606 31.88689314 -102.1022919
607 31.88698246 -102.1001895
608 31.88707173 -102.0980872
609 31.88716096 -102.0959849
610 31.88725015 -102.0938825
611 31.8873393 -102.0917802
612 31.88742841 -102.0896778
613 31.88751748 -102.0875755
614 31.88760651 -102.0854731
615 31.8876955 -102.0833708
616 31.88778445 -102.0812684
617 31.88787335 -102.079166
618 31.88796222 -102.0770636
619 31.88805104 -102.0749613
620 31.88813983 -102.0728589
621 31.88822857 -102.0707565
622 31.88831727 -102.0686541
623 31.88840593 -102.0665517
624 31.88849455 -102.0644493
625 31.88858313 -102.0623469
626 31.88867167 -102.0602445
627 31.88876017 -102.058142
628 31.88884863 -102.0560396
629 31.88893705 -102.0539372
630 31.88902542 -102.0518348
631 31.88911376 -102.0497323
632 31.88920205 -102.0476299
633 31.88733358 -102.1339321
634 31.88742351 -102.1318298
635 31.88751339 -102.1297275
636 31.88760324 -102.1276252
637 31.88769304 -102.1255228
638 31.88778281 -102.1234205
639 31.88787253 -102.1213182
640 31.88796221 -102.1192159
641 31.88805186 -102.1171135
642 31.88814146 -102.1150112
643 31.88823102 -102.1129089
644 31.88832054 -102.1108065
645 31.88841002 -102.1087042
646 31.88849946 -102.1066018
647 31.88858885 -102.1044994
648 31.88867821 -102.1023971
649 31.88876753 -102.1002947
650 31.8888568 -102.0981923
651 31.88894604 -102.0960899
652 31.88903523 -102.0939876
653 31.88912438 -102.0918852
654 31.8892135 -102.0897828
655 31.88930257 -102.0876804
656 31.8893916 -102.085578
657 31.88948059 -102.0834755
658 31.88956954 -102.0813731
659 31.88965845 -102.0792707
660 31.88974731 -102.0771683
661 31.88983614 -102.0750659
662 31.88992493 -102.0729634
663 31.89001367 -102.070861
664 31.89010238 -102.0687585
665 31.89019104 -102.0666561
666 31.89027966 -102.0645536
667 31.89036825 -102.0624512
668 31.89045679 -102.0603487
669 31.89054529 -102.0582462
670 31.89063375 -102.0561438
671 31.89072217 -102.0540413
672 31.89081055 -102.0519388
673 31.89089889 -102.0498363
674 31.88911862 -102.134038
675 31.88920855 -102.1319357
676 31.88929844 -102.1298333
677 31.88938828 -102.1277309
678 31.88947809 -102.1256286
679 31.88956786 -102.1235262
680 31.88965758 -102.1214238
681 31.88974727 -102.1193215
682 31.88983691 -102.1172191
683 31.88992652 -102.1151167
684 31.89001608 -102.1130143
685 31.8901056 -102.1109119
686 31.89019509 -102.1088095
687 31.89028453 -102.1067071
688 31.89037393 -102.1046047
689 31.89046329 -102.1025023
690 31.8905526 -102.1003999
691 31.89064188 -102.0982974
692 31.89073112 -102.096195
693 31.89082031 -102.0940926
694 31.89090947 -102.0919901
695 31.89099858 -102.0898877
696 31.89108766 -102.0877852
697 31.89117669 -102.0856828
698 31.89126568 -102.0835803
699 31.89135464 -102.0814779
700 31.89144355 -102.0793754
701 31.89153242 -102.0772729
702 31.89162125 -102.0751705
703 31.89171003 -102.073068
704 31.89179878 -102.0709655
705 31.89188749 -102.068863
706 31.89197616 -102.0667605
707 31.89206478 -102.064658
708 31.89215337 -102.0625555
709 31.89224191 -102.060453
710 31.89233041 -102.0583505
711 31.89241888 -102.0562479
712 31.8925073 -102.0541454
713 31.89259568 -102.0520429
714 31.89268402 -102.0499404
715 31.89090366 -102.1341439
716 31.8909936 -102.1320416
717 31.89108349 -102.1299392
718 31.89117334 -102.1278367
719 31.89126315 -102.1257343
720 31.89135292 -102.1236319
721 31.89144264 -102.1215295
722 31.89153233 -102.1194271
723 31.89162198 -102.1173246
724 31.89171159 -102.1152222
725 31.89180115 -102.1131198
726 31.89189068 -102.1110173
727 31.89198016 -102.1089149
728 31.8920696 -102.1068124
729 31.892159 -102.10471
730 31.89224837 -102.1026075
731 31.89233769 -102.100505
732 31.89242697 -102.0984026
733 31.89251621 -102.0963001
734 31.8926054 -102.0941976
735 31.89269456 -102.0920951
736 31.89278368 -102.0899926
737 31.89287276 -102.0878901
738 31.89296179 -102.0857876
739 31.89305079 -102.0836851
740 31.89313974 -102.0815826
741 31.89322865 -102.0794801
742 31.89331753 -102.0773776
743 31.89340636 -102.0752751
744 31.89349515 -102.0731725
745 31.8935839 -102.07107
746 31.89367261 -102.0689674
747 31.89376128 -102.0668649
748 31.8938499 -102.0647624
749 31.89393849 -102.0626598
750 31.89402704 -102.0605572
751 31.89411554 -102.0584547
752 31.89420401 -102.0563521
753 31.89429243 -102.0542495
754 31.89438082 -102.052147
755 31.89259874 -102.1363523
756 31.89268871 -102.1342499
757 31.89277865 -102.1321475
758 31.89286854 -102.130045
759 31.8929584 -102.1279426
760 31.89304821 -102.1258401
761 31.89313798 -102.1237376
762 31.89322771 -102.1216352
763 31.8933174 -102.1195327
764 31.89340705 -102.1174302
765 31.89349666 -102.1153277
766 31.89358623 -102.1132252
767 31.89367575 -102.1111228
768 31.89376524 -102.1090203
769 31.89385468 -102.1069178
770 31.89394409 -102.1048152
771 31.89403345 -102.1027127
772 31.89412278 -102.1006102
773 31.89421206 -102.0985077
774 31.8943013 -102.0964052
775 31.8943905 -102.0943026
776 31.89447966 -102.0922001
777 31.89456878 -102.0900976
778 31.89465786 -102.087995
779 31.8947469 -102.0858925
780 31.89483589 -102.0837899
781 31.89492485 -102.0816874
782 31.89501377 -102.0795848
783 31.89510264 -102.0774822
784 31.89519147 -102.0753797
785 31.89528027 -102.0732771
786 31.89536902 -102.0711745
787 31.89545773 -102.0690719
788 31.8955464 -102.0669693
789 31.89563503 -102.0648667
790 31.89572362 -102.0627641
791 31.89581217 -102.0606615
792 31.89590068 -102.0585589
793 31.89598915 -102.0564563
794 31.89607757 -102.0543537
795 31.89616596 -102.052251
796 31.89438379 -102.1364583
797 31.89447377 -102.1343558
798 31.89456371 -102.1322534
799 31.89465361 -102.1301509
800 31.89474346 -102.1280484
801 31.89483328 -102.1259459
802 31.89492305 -102.1238433
803 31.89501278 -102.1217408
804 31.89510247 -102.1196383
805 31.89519213 -102.1175358
806 31.89528174 -102.1154333
807 31.89537131 -102.1133307
808 31.89546084 -102.1112282
809 31.89555033 -102.1091256
810 31.89563977 -102.1070231
811 31.89572918 -102.1049205
812 31.89581855 -102.102818
813 31.89590787 -102.1007154
814 31.89599716 -102.0986128
815 31.8960864 -102.0965103
816 31.8961756 -102.0944077
817 31.89626477 -102.0923051
818 31.89635389 -102.0902025
819 31.89644297 -102.0880999
820 31.89653201 -102.0859973
821 31.89662101 -102.0838947
822 31.89670997 -102.0817921
823 31.89679888 -102.0796895
824 31.89688776 -102.0775869
825 31.8969766 -102.0754843
826 31.89706539 -102.0733816
827 31.89715415 -102.071279
828 31.89724286 -102.0691764
829 31.89733154 -102.0670737
830 31.89742017 -102.0649711
831 31.89750876 -102.0628684
832 31.89759731 -102.0607658
833 31.89768582 -102.0586631
834 31.89777429 -102.0565605
835 31.89786272 -102.0544578
836 31.89795111 -102.0523551
837 31.89616886 -102.1365643
838 31.89625884 -102.1344618
839 31.89634878 -102.1323593
840 31.89643867 -102.1302567
841 31.89652853 -102.1281542
842 31.89661835 -102.1260516
843 31.89670812 -102.1239491
844 31.89679786 -102.1218465
845 31.89688755 -102.1197439
846 31.89697721 -102.1176414
847 31.89706682 -102.1155388
848 31.89715639 -102.1134362
849 31.89724593 -102.1113336
850 31.89733542 -102.109231
851 31.89742487 -102.1071284
852 31.89751428 -102.1050258
853 31.89760365 -102.1029232
854 31.89769297 -102.1008206
855 31.89778226 -102.098718
856 31.89787151 -102.0966154
857 31.89796071 -102.0945127
858 31.89804988 -102.0924101
859 31.898139 -102.0903075
860 31.89822808 -102.0882048
861 31.89831713 -102.0861022
862 31.89840613 -102.0839995
863 31.89849509 -102.0818969
864 31.89858401 -102.0797942
865 31.89867289 -102.0776916
866 31.89876173 -102.0755889
867 31.89885053 -102.0734862
868 31.89893928 -102.0713835
869 31.899028 -102.0692808
870 31.89911667 -102.0671782
871 31.89920531 -102.0650755
872 31.8992939 -102.0629728
873 31.89938246 -102.0608701
874 31.89947097 -102.0587674
875 31.89955944 -102.0566646
876 31.89964787 -102.0545619
877 31.8978639 -102.1387729
878 31.89795392 -102.1366703
879 31.89804391 -102.1345678
880 31.89813385 -102.1324652
881 31.89822375 -102.1303626
882 31.89831361 -102.12826
883 31.89840343 -102.1261574
884 31.89849321 -102.1240548
885 31.89858294 -102.1219522
886 31.89867264 -102.1198496
887 31.8987623 -102.1177469
888 31.89885191 -102.1156443
889 31.89894149 -102.1135417
890 31.89903102 -102.111439
891 31.89912052 -102.1093364
892 31.89920997 -102.1072338
893 31.89929938 -102.1051311
894 31.89938875 -102.1030285
895 31.89947808 -102.1009258
896 31.89956737 -102.0988231
897 31.89965662 -102.0967205
898 31.89974583 -102.0946178
899 31.89983499 -102.0925151
900 31.89992412 -102.0904124
901 31.90001321 -102.0883097
902 31.90010225 -102.086207
903 31.90019125 -102.0841043
904 31.90028022 -102.0820016
905 31.90036914 -102.0798989
906 31.90045802 -102.0777962
907 31.90054686 -102.0756935
908 31.90063566 -102.0735908
909 31.90072442 -102.0714881
910 31.90081314 -102.0693853
911 31.90090182 -102.0672826
912 31.90099046 -102.0651798
913 31.90107905 -102.0630771
914 31.90116761 -102.0609744
915 31.90125612 -102.0588716
916 31.9013446 -102.0567688
917 31.90143303 -102.0546661
918 31.89964897 -102.138879
919 31.899739 -102.1367764
920 31.89982898 -102.1346737
921 31.89991893 -102.1325711
922 31.90000883 -102.1304685
923 31.90009869 -102.1283658
924 31.90018851 -102.1262632
925 31.90027829 -102.1241605
926 31.90036803 -102.1220578
927 31.90045773 -102.1199552
928 31.90054739 -102.1178525
929 31.90063701 -102.1157498
930 31.90072659 -102.1136472
931 31.90081612 -102.1115445
932 31.90090562 -102.1094418
933 31.90099507 -102.1073391
934 31.90108449 -102.1052364
935 31.90117386 -102.1031337
936 31.90126319 -102.101031
937 31.90135249 -102.0989283
938 31.90144174 -102.0968256
939 31.90153095 -102.0947228
940 31.90162012 -102.0926201
941 31.90170925 -102.0905174
942 31.90179833 -102.0884146
943 31.90188738 -102.0863119
944 31.90197639 -102.0842092
945 31.90206535 -102.0821064
946 31.90215428 -102.0800037
947 31.90224316 -102.0779009
948 31.902332 -102.0757981
949 31.90242081 -102.0736954
950 31.90250957 -102.0715926
951 31.90259829 -102.0694898
952 31.90268697 -102.067387
953 31.90277561 -102.0652842
954 31.90286421 -102.0631814
955 31.90295277 -102.0610786
956 31.90304128 -102.0589758
957 31.90312976 -102.056873
958 31.90134398 -102.1410877
959 31.90143405 -102.1389851
960 31.90152408 -102.1368824
961 31.90161406 -102.1347797
962 31.90170401 -102.132677
963 31.90179392 -102.1305743
964 31.90188378 -102.1284716
965 31.9019736 -102.1263689
966 31.90206339 -102.1242662
967 31.90215313 -102.1221635
968 31.90224283 -102.1200608
969 31.90233249 -102.1179581
970 31.90242211 -102.1158554
971 31.90251169 -102.1137527
972 31.90260123 -102.1116499
973 31.90269073 -102.1095472
974 31.90278019 -102.1074444
975 31.9028696 -102.1053417
976 31.90295898 -102.103239
977 31.90304831 -102.1011362
978 31.90313761 -102.0990334
979 31.90322686 -102.0969307
980 31.90331607 -102.0948279
981 31.90340525 -102.0927251
982 31.90349438 -102.0906223
983 31.90358347 -102.0885196
984 31.90367252 -102.0864168
985 31.90376153 -102.084314
986 31.90385049 -102.0822112
987 31.90393942 -102.0801084
988 31.90402831 -102.0780056
989 31.90411715 -102.0759028
990 31.90420596 -102.0737999
991 31.90429472 -102.0716971
992 31.90438345 -102.0695943
993 31.90447213 -102.0674915
994 31.90456077 -102.0653886
995 31.90464937 -102.0632858
996 31.90473793 -102.0611829
997 31.90482645 -102.0590801
998 31.90491493 -102.0569772
999 31.90321913 -102.1390911
1000 31.90330916 -102.1369884
1001 31.90339915 -102.1348857
1002 31.9034891 -102.1327829
1003 31.90357901 -102.1306802
1004 31.90366888 -102.1285775
1005 31.9037587 -102.1264747
1006 31.90384849 -102.124372
1007 31.90393823 -102.1222692
1008 31.90402794 -102.1201665
1009 31.9041176 -102.1180637
1010 31.90420722 -102.1159609
1011 31.9042968 -102.1138582
1012 31.90438635 -102.1117554
1013 31.90447585 -102.1096526
1014 31.90456531 -102.1075498
1015 31.90465472 -102.105447
1016 31.9047441 -102.1033442
1017 31.90483344 -102.1012414
1018 31.90492274 -102.0991386
1019 31.90501199 -102.0970358
1020 31.90510121 -102.094933
1021 31.90519038 -102.0928301
1022 31.90527951 -102.0907273
1023 31.90536861 -102.0886245
1024 31.90545766 -102.0865216
1025 31.90554667 -102.0844188
1026 31.90563564 -102.082316
1027 31.90572457 -102.0802131
1028 31.90581346 -102.0781103
1029 31.90590231 -102.0760074
1030 31.90599111 -102.0739045
1031 31.90607988 -102.0718017
1032 31.90616861 -102.0696988
1033 31.90625729 -102.0675959
1034 31.90634593 -102.065493
1035 31.90643454 -102.0633901
1036 31.9065231 -102.0612872
1037 31.90661162 -102.0591843
1038 31.9067001 -102.0570814
1039 31.90518425 -102.1349917
1040 31.9052742 -102.1328889
1041 31.90536411 -102.1307861
1042 31.90545398 -102.1286833
1043 31.90554381 -102.1265805
1044 31.90563359 -102.1244777
1045 31.90572334 -102.1223749
1046 31.90581305 -102.1202721
1047 31.90590271 -102.1181693
1048 31.90599234 -102.1160665
1049 31.90608192 -102.1139637
1050 31.90617147 -102.1118608
1051 31.90626097 -102.109758
1052 31.90635043 -102.1076552
1053 31.90643985 -102.1055523
1054 31.90652923 -102.1034495
1055 31.90661857 -102.1013466
1056 31.90670787 -102.0992438
1057 31.90679713 -102.0971409
1058 31.90688635 -102.095038
1059 31.90697552 -102.0929352
1060 31.90706466 -102.0908323
1061 31.90715375 -102.0887294
1062 31.90724281 -102.0866265
1063 31.90733182 -102.0845236
1064 31.90742079 -102.0824207
1065 31.90750972 -102.0803178
1066 31.90759862 -102.0782149
1067 31.90768747 -102.076112
1068 31.90777628 -102.0740091
1069 31.90786504 -102.0719062
1070 31.90795377 -102.0698033
1071 31.90804246 -102.0677003
1072 31.90813111 -102.0655974
1073 31.90821971 -102.0634945
1074 31.90830828 -102.0613915
1075 31.9083968 -102.0592886
1076 31.90723908 -102.1287891
1077 31.90732891 -102.1266863
1078 31.90741871 -102.1245835
1079 31.90750845 -102.1224806
1080 31.90759816 -102.1203778
1081 31.90768783 -102.1182749
1082 31.90777746 -102.116172
1083 31.90786705 -102.1140692
1084 31.90795659 -102.1119663
1085 31.9080461 -102.1098634
1086 31.90813556 -102.1077605
1087 31.90822498 -102.1056576
1088 31.90831437 -102.1035547
1089 31.90840371 -102.1014518
1090 31.90849301 -102.0993489
1091 31.90858227 -102.097246
1092 31.90867149 -102.0951431
1093 31.90876067 -102.0930402
1094 31.90884981 -102.0909373
1095 31.9089389 -102.0888343
1096 31.90902796 -102.0867314
1097 31.90911698 -102.0846285
1098 31.90920595 -102.0825255
1099 31.90929489 -102.0804226
1100 31.90938378 -102.0783196
1101 31.90947263 -102.0762167
1102 31.90956144 -102.0741137
1103 31.90965022 -102.0720107
1104 31.90973895 -102.0699078
1105 31.90982764 -102.0678048
1106 31.90991628 -102.0657018
1107 31.91000489 -102.0635988
1108 31.91009346 -102.0614958
1109 31.91018199 -102.0593928
1110 31.90929358 -102.1225863
1111 31.90938329 -102.1204834
1112 31.90947296 -102.1183805
1113 31.90956259 -102.1162776
1114 31.90965218 -102.1141747
1115 31.90974172 -102.1120717
1116 31.90983123 -102.1099688
1117 31.9099207 -102.1078659
1118 31.91001012 -102.1057629
1119 31.91009951 -102.10366
1120 31.91018885 -102.1015571
1121 31.91027816 -102.0994541
1122 31.91036742 -102.0973512
1123 31.91045664 -102.0952482
1124 31.91054582 -102.0931452
1125 31.91063496 -102.0910423
1126 31.91072406 -102.0889393
1127 31.91081312 -102.0868363
1128 31.91090214 -102.0847333
1129 31.91099112 -102.0826303
1130 31.91108005 -102.0805273
1131 31.91116895 -102.0784243
1132 31.9112578 -102.0763213
1133 31.91134662 -102.0742183
1134 31.91143539 -102.0721153
1135 31.91152412 -102.0700123
1136 31.91161282 -102.0679093
1137 31.91170147 -102.0658062
1138 31.91179008 -102.0637032
1139 31.91187865 -102.0616002
1140 31.91196718 -102.0594971
1141 31.91125809 -102.1184861
1142 31.91134772 -102.1163832
1143 31.91143731 -102.1142802
1144 31.91152686 -102.1121772
1145 31.91161637 -102.1100742
1146 31.91170584 -102.1079713
1147 31.91179527 -102.1058683
1148 31.91188466 -102.1037653
1149 31.911974 -102.1016623
1150 31.91206331 -102.0995593
1151 31.91215257 -102.0974563
1152 31.9122418 -102.0953533
1153 31.91233098 -102.0932503
1154 31.91242012 -102.0911472
1155 31.91250923 -102.0890442
1156 31.91259829 -102.0869412
1157 31.91268731 -102.0848382
1158 31.91277629 -102.0827351
1159 31.91286523 -102.0806321
1160 31.91295412 -102.078529
1161 31.91304298 -102.076426
1162 31.9131318 -102.0743229
1163 31.91322057 -102.0722199
1164 31.91330931 -102.0701168
1165 31.913398 -102.0680137
1166 31.91348666 -102.0659106
1167 31.91357527 -102.0638076
1168 31.91366384 -102.0617045
1169 31.91331201 -102.1122827
1170 31.91340152 -102.1101797
1171 31.91349099 -102.1080766
1172 31.91358042 -102.1059736
1173 31.91366981 -102.1038706
1174 31.91375916 -102.1017675
1175 31.91384847 -102.0996645
1176 31.91393773 -102.0975614
1177 31.91402696 -102.0954584
1178 31.91411615 -102.0933553
1179 31.91420529 -102.0912522
1180 31.9142944 -102.0891492
1181 31.91438346 -102.0870461
1182 31.91447248 -102.084943
1183 31.91456146 -102.0828399
1184 31.91465041 -102.0807368
1185 31.91473931 -102.0786337
1186 31.91482817 -102.0765306
1187 31.91491699 -102.0744275
1188 31.91500576 -102.0723244
1189 31.9150945 -102.0702213
1190 31.9151832 -102.0681182
1191 31.91527185 -102.0660151
1192 31.91536047 -102.0639119
1193 31.91544904 -102.0618088
1194 31.91536558 -102.1060789
1195 31.91545497 -102.1039759
1196 31.91554432 -102.1018728
1197 31.91563363 -102.0997697
1198 31.9157229 -102.0976666
1199 31.91581213 -102.0955635
1200 31.91590132 -102.0934603
1201 31.91599047 -102.0913572
1202 31.91607957 -102.0892541
1203 31.91616864 -102.087151
1204 31.91625766 -102.0850479
1205 31.91634665 -102.0829447
1206 31.91643559 -102.0808416
1207 31.91652449 -102.0787384
1208 31.91661336 -102.0766353
1209 31.91670218 -102.0745321
1210 31.91679096 -102.072429
1211 31.9168797 -102.0703258
1212 31.9169684 -102.0682227
1213 31.91705705 -102.0661195
1214 31.91714567 -102.0640163
1215 31.9174188 -102.0998749
1216 31.91750807 -102.0977717
1217 31.91759731 -102.0956686
1218 31.9176865 -102.0935654
1219 31.91777565 -102.0914622
1220 31.91786475 -102.0893591
1221 31.91795382 -102.0872559
1222 31.91804285 -102.0851527
1223 31.91813184 -102.0830495
1224 31.91822078 -102.0809464
1225 31.91830969 -102.0788432
1226 31.91839855 -102.07674
1227 31.91848738 -102.0746368
1228 31.91857616 -102.0725336
1229 31.9186649 -102.0704303
1230 31.9187536 -102.0683271
1231 31.91884226 -102.0662239
1232 31.91893088 -102.0641207
1233 31.91938249 -102.0957737
1234 31.91947168 -102.0936705
1235 31.91956083 -102.0915672
1236 31.91964994 -102.089464
1237 31.91973901 -102.0873608
1238 31.91982804 -102.0852576
1239 31.91991703 -102.0831544
1240 31.92000598 -102.0810511
1241 31.92009489 -102.0789479
1242 31.92018375 -102.0768446
1243 31.92027258 -102.0747414
1244 31.92036137 -102.0726381
1245 31.92045011 -102.0705349
1246 31.92053881 -102.0684316
1247 31.92062748 -102.0663283
1248 31.9207161 -102.0642251
1249 31.92143514 -102.089569
1250 31.92152421 -102.0874657
1251 31.92161324 -102.0853625
1252 31.92170223 -102.0832592
1253 31.92179118 -102.0811559
1254 31.92188009 -102.0790526
1255 31.92196896 -102.0769493
1256 31.92205779 -102.074846
1257 31.92214658 -102.0727427
1258 31.92223533 -102.0706394
1259 31.92232403 -102.0685361
1260 31.9224127 -102.0664328
1261 31.92348744 -102.083364
1262 31.92357639 -102.0812607
1263 31.92366531 -102.0791573
1264 31.92375418 -102.077054
1265 31.92384301 -102.0749506
1266 31.9239318 -102.0728473
1267 31.92402055 -102.0707439
1268 31.92410925 -102.0686406
1269 31.92419792 -102.0665372
1270 31.9255394 -102.0771587
1271 31.92562823 -102.0750553
1272 31.92571702 -102.0729519
1273 31.92580577 -102.0708485
1274 31.92589448 -102.0687451
1275 31.92750225 -102.0730565
1276 31.92759101 -102.070953
1277 31.92767972 -102.0688496
