1 31.70684275 -101.8992748
2 31.70689109 -101.8982218
3 31.70693942 -101.8971687
4 31.70698774 -101.8961157
5 31.70703604 -101.8950626
6 31.70708434 -101.8940096
7 31.70713263 -101.8929565
8 31.70718091 -101.8919035
9 31.70722917 -101.8908504
10 31.70727743 -101.8897974
11 31.70732567 -101.8887443
12 31.70737391 -101.8876913
13 31.70742213 -101.8866382
14 31.70747035 -101.8855852
15 31.70751855 -101.8845321
16 31.70756675 -101.8834791
17 31.70761493 -101.882426
18 31.7076631 -101.8813729
19 31.70771127 -101.8803199
20 31.70775942 -101.8792668
21 31.70780756 -101.8782137
22 31.70785569 -101.8771607
23 31.70790381 -101.8761076
24 31.70795192 -101.8750545
25 31.70800002 -101.8740015
26 31.70804811 -101.8729484
27 31.70809619 -101.8718953
28 31.70814426 -101.8708423
29 31.70819232 -101.8697892
30 31.70824037 -101.8687361
31 31.70828841 -101.867683
32 31.70833644 -101.8666299
33 31.70838446 -101.8655769
34 31.70843246 -101.8645238
35 31.70773862 -101.8993316
36 31.70778696 -101.8982786
37 31.70783529 -101.8972255
38 31.70788361 -101.8961725
39 31.70793192 -101.8951194
40 31.70798022 -101.8940663
41 31.7080285 -101.8930133
42 31.70807678 -101.8919602
43 31.70812505 -101.8909072
44 31.70817331 -101.8898541
45 31.70822155 -101.888801
46 31.70826979 -101.887748
47 31.70831801 -101.8866949
48 31.70836623 -101.8856418
49 31.70841443 -101.8845888
50 31.70846263 -101.8835357
51 31.70851081 -101.8824826
52 31.70855899 -101.8814296
53 31.70860715 -101.8803765
54 31.7086553 -101.8793234
55 31.70870345 -101.8782703
56 31.70875158 -101.8772172
57 31.7087997 -101.8761642
58 31.70884781 -101.8751111
59 31.70889591 -101.874058
60 31.708944 -101.8730049
61 31.70899208 -101.8719518
62 31.70904015 -101.8708988
63 31.70908821 -101.8698457
64 31.70913626 -101.8687926
65 31.7091843 -101.8677395
66 31.70923233 -101.8666864
67 31.70928035 -101.8656333
68 31.70932836 -101.8645802
69 31.7086345 -101.8993884
70 31.70868284 -101.8983354
71 31.70873117 -101.8972823
72 31.70877949 -101.8962292
73 31.70882779 -101.8951762
74 31.70887609 -101.8941231
75 31.70892438 -101.89307
76 31.70897266 -101.892017
77 31.70902093 -101.8909639
78 31.70906919 -101.8899108
79 31.70911743 -101.8888577
80 31.70916567 -101.8878047
81 31.7092139 -101.8867516
82 31.70926211 -101.8856985
83 31.70931032 -101.8846454
84 31.70935851 -101.8835923
85 31.7094067 -101.8825393
86 31.70945487 -101.8814862
87 31.70950304 -101.8804331
88 31.70955119 -101.87938
89 31.70959933 -101.8783269
90 31.70964747 -101.8772738
91 31.70969559 -101.8762207
92 31.7097437 -101.8751676
93 31.7097918 -101.8741145
94 31.70983989 -101.8730614
95 31.70988797 -101.8720083
96 31.70993605 -101.8709553
97 31.70998411 -101.8699022
98 31.71003216 -101.8688491
99 31.7100802 -101.8677959
100 31.71012822 -101.8667428
101 31.71017624 -101.8656897
102 31.71022425 -101.8646366
103 31.70953037 -101.8994453
104 31.70957871 -101.8983922
105 31.70962704 -101.8973391
106 31.70967536 -101.896286
107 31.70972367 -101.895233
108 31.70977197 -101.8941799
109 31.70982026 -101.8931268
110 31.70986854 -101.8920737
111 31.70991681 -101.8910206
112 31.70996507 -101.8899675
113 31.71001331 -101.8889145
114 31.71006155 -101.8878614
115 31.71010978 -101.8868083
116 31.710158 -101.8857552
117 31.7102062 -101.8847021
118 31.7102544 -101.883649
119 31.71030258 -101.8825959
120 31.71035076 -101.8815428
121 31.71039892 -101.8804897
122 31.71044708 -101.8794366
123 31.71049522 -101.8783835
124 31.71054336 -101.8773304
125 31.71059148 -101.8762773
126 31.71063959 -101.8752242
127 31.71068769 -101.8741711
128 31.71073579 -101.873118
129 31.71078387 -101.8720649
130 31.71083194 -101.8710118
131 31.71088 -101.8699586
132 31.71092805 -101.8689055
133 31.71097609 -101.8678524
134 31.71102412 -101.8667993
135 31.71107214 -101.8657462
136 31.71112015 -101.8646931
137 31.71042625 -101.8995021
138 31.71047459 -101.898449
139 31.71052292 -101.8973959
140 31.71057124 -101.8963428
141 31.71061955 -101.8952897
142 31.71066785 -101.8942366
143 31.71071614 -101.8931836
144 31.71076442 -101.8921305
145 31.71081269 -101.8910774
146 31.71086095 -101.8900243
147 31.7109092 -101.8889712
148 31.71095744 -101.8879181
149 31.71100566 -101.886865
150 31.71105388 -101.8858119
151 31.71110209 -101.8847587
152 31.71115028 -101.8837056
153 31.71119847 -101.8826525
154 31.71124665 -101.8815994
155 31.71129481 -101.8805463
156 31.71134297 -101.8794932
157 31.71139111 -101.8784401
158 31.71143925 -101.877387
159 31.71148737 -101.8763339
160 31.71153548 -101.8752807
161 31.71158359 -101.8742276
162 31.71163168 -101.8731745
163 31.71167976 -101.8721214
164 31.71172783 -101.8710683
165 31.71177589 -101.8700151
166 31.71182395 -101.868962
167 31.71187199 -101.8679089
168 31.71192002 -101.8668557
169 31.71196804 -101.8658026
170 31.71201605 -101.8647495
171 31.71132213 -101.8995589
172 31.71137047 -101.8985058
173 31.7114188 -101.8974527
174 31.71146712 -101.8963996
175 31.71151543 -101.8953465
176 31.71156374 -101.8942934
177 31.71161203 -101.8932403
178 31.71166031 -101.8921872
179 31.71170858 -101.8911341
180 31.71175684 -101.890081
181 31.71180508 -101.8890279
182 31.71185332 -101.8879748
183 31.71190155 -101.8869216
184 31.71194977 -101.8858685
185 31.71199798 -101.8848154
186 31.71204617 -101.8837623
187 31.71209436 -101.8827092
188 31.71214254 -101.881656
189 31.7121907 -101.8806029
190 31.71223886 -101.8795498
191 31.712287 -101.8784967
192 31.71233514 -101.8774435
193 31.71238326 -101.8763904
194 31.71243138 -101.8753373
195 31.71247948 -101.8742842
196 31.71252757 -101.873231
197 31.71257566 -101.8721779
198 31.71262373 -101.8711248
199 31.71267179 -101.8700716
200 31.71271984 -101.8690185
201 31.71276789 -101.8679653
202 31.71281592 -101.8669122
203 31.71286394 -101.8658591
204 31.71291195 -101.8648059
205 31.71221801 -101.8996158
206 31.71226635 -101.8985627
207 31.71231468 -101.8975095
208 31.71236301 -101.8964564
209 31.71241132 -101.8954033
210 31.71245962 -101.8943502
211 31.71250791 -101.8932971
212 31.71255619 -101.892244
213 31.71260446 -101.8911908
214 31.71265272 -101.8901377
215 31.71270097 -101.8890846
216 31.71274921 -101.8880315
217 31.71279744 -101.8869783
218 31.71284566 -101.8859252
219 31.71289387 -101.8848721
220 31.71294206 -101.8838189
221 31.71299025 -101.8827658
222 31.71303843 -101.8817127
223 31.7130866 -101.8806595
224 31.71313475 -101.8796064
225 31.7131829 -101.8785533
226 31.71323103 -101.8775001
227 31.71327916 -101.876447
228 31.71332727 -101.8753938
229 31.71337538 -101.8743407
230 31.71342347 -101.8732876
231 31.71347155 -101.8722344
232 31.71351963 -101.8711813
233 31.71356769 -101.8701281
234 31.71361574 -101.869075
235 31.71366379 -101.8680218
236 31.71371182 -101.8669687
237 31.71375984 -101.8659155
238 31.71380785 -101.8648624
239 31.71311389 -101.8996726
240 31.71316223 -101.8986195
241 31.71321057 -101.8975664
242 31.71325889 -101.8965132
243 31.7133072 -101.8954601
244 31.7133555 -101.894407
245 31.7134038 -101.8933538
246 31.71345208 -101.8923007
247 31.71350035 -101.8912476
248 31.71354861 -101.8901944
249 31.71359686 -101.8891413
250 31.7136451 -101.8880882
251 31.71369333 -101.887035
252 31.71374155 -101.8859819
253 31.71378976 -101.8849287
254 31.71383796 -101.8838756
255 31.71388614 -101.8828224
256 31.71393432 -101.8817693
257 31.71398249 -101.8807162
258 31.71403065 -101.879663
259 31.71407879 -101.8786099
260 31.71412693 -101.8775567
261 31.71417505 -101.8765035
262 31.71422317 -101.8754504
263 31.71427128 -101.8743972
264 31.71431937 -101.8733441
265 31.71436745 -101.8722909
266 31.71441553 -101.8712378
267 31.71446359 -101.8701846
268 31.71451164 -101.8691314
269 31.71455969 -101.8680783
270 31.71460772 -101.8670251
271 31.71465574 -101.865972
272 31.71470375 -101.8649188
273 31.71400977 -101.8997294
274 31.71405812 -101.8986763
275 31.71410645 -101.8976232
276 31.71415478 -101.89657
277 31.71420309 -101.8955169
278 31.71425139 -101.8944637
279 31.71429968 -101.8934106
280 31.71434797 -101.8923575
281 31.71439624 -101.8913043
282 31.7144445 -101.8902512
283 31.71449275 -101.889198
284 31.71454099 -101.8881449
285 31.71458922 -101.8870917
286 31.71463744 -101.8860386
287 31.71468565 -101.8849854
288 31.71473385 -101.8839322
289 31.71478204 -101.8828791
290 31.71483022 -101.8818259
291 31.71487839 -101.8807728
292 31.71492654 -101.8797196
293 31.71497469 -101.8786664
294 31.71502283 -101.8776133
295 31.71507095 -101.8765601
296 31.71511907 -101.875507
297 31.71516718 -101.8744538
298 31.71521527 -101.8734006
299 31.71526336 -101.8723474
300 31.71531143 -101.8712943
301 31.71535949 -101.8702411
302 31.71540755 -101.8691879
303 31.71545559 -101.8681348
304 31.71550362 -101.8670816
305 31.71555165 -101.8660284
306 31.71559966 -101.8649752
307 31.71490566 -101.8997863
308 31.714954 -101.8987331
309 31.71500234 -101.89768
310 31.71505066 -101.8966268
311 31.71509898 -101.8955737
312 31.71514728 -101.8945205
313 31.71519557 -101.8934674
314 31.71524386 -101.8924142
315 31.71529213 -101.891361
316 31.71534039 -101.8903079
317 31.71538864 -101.8892547
318 31.71543688 -101.8882016
319 31.71548512 -101.8871484
320 31.71553334 -101.8860952
321 31.71558155 -101.8850421
322 31.71562975 -101.8839889
323 31.71567794 -101.8829357
324 31.71572611 -101.8818826
325 31.71577428 -101.8808294
326 31.71582244 -101.8797762
327 31.71587059 -101.878723
328 31.71591873 -101.8776699
329 31.71596685 -101.8766167
330 31.71601497 -101.8755635
331 31.71606308 -101.8745103
332 31.71611117 -101.8734571
333 31.71615926 -101.872404
334 31.71620733 -101.8713508
335 31.7162554 -101.8702976
336 31.71630345 -101.8692444
337 31.7163515 -101.8681912
338 31.71639953 -101.867138
339 31.71644755 -101.8660848
340 31.71649557 -101.8650317
341 31.71580155 -101.8998431
342 31.71584989 -101.89879
343 31.71589823 -101.8977368
344 31.71594655 -101.8966836
345 31.71599487 -101.8956305
346 31.71604317 -101.8945773
347 31.71609147 -101.8935241
348 31.71613975 -101.892471
349 31.71618802 -101.8914178
350 31.71623628 -101.8903646
351 31.71628454 -101.8893114
352 31.71633278 -101.8882583
353 31.71638101 -101.8872051
354 31.71642923 -101.8861519
355 31.71647744 -101.8850987
356 31.71652564 -101.8840456
357 31.71657383 -101.8829924
358 31.71662201 -101.8819392
359 31.71667018 -101.880886
360 31.71671834 -101.8798328
361 31.71676649 -101.8787796
362 31.71681463 -101.8777264
363 31.71686276 -101.8766733
364 31.71691087 -101.8756201
365 31.71695898 -101.8745669
366 31.71700708 -101.8735137
367 31.71705516 -101.8724605
368 31.71710324 -101.8714073
369 31.7171513 -101.8703541
370 31.71719936 -101.8693009
371 31.7172474 -101.8682477
372 31.71729544 -101.8671945
373 31.71734346 -101.8661413
374 31.71739148 -101.8650881
375 31.71669744 -101.8999
376 31.71674578 -101.8988468
377 31.71679412 -101.8977936
378 31.71684244 -101.8967404
379 31.71689076 -101.8956873
380 31.71693906 -101.8946341
381 31.71698736 -101.8935809
382 31.71703564 -101.8925277
383 31.71708392 -101.8914745
384 31.71713218 -101.8904213
385 31.71718043 -101.8893682
386 31.71722868 -101.888315
387 31.71727691 -101.8872618
388 31.71732513 -101.8862086
389 31.71737334 -101.8851554
390 31.71742154 -101.8841022
391 31.71746973 -101.883049
392 31.71751791 -101.8819958
393 31.71756608 -101.8809426
394 31.71761424 -101.8798894
395 31.71766239 -101.8788362
396 31.71771053 -101.877783
397 31.71775866 -101.8767298
398 31.71780678 -101.8756766
399 31.71785488 -101.8746234
400 31.71790298 -101.8735702
401 31.71795107 -101.872517
402 31.71799914 -101.8714638
403 31.71804721 -101.8704106
404 31.71809527 -101.8693574
405 31.71814331 -101.8683042
406 31.71819135 -101.867251
407 31.71823937 -101.8661977
408 31.71828739 -101.8651445
409 31.71759333 -101.8999568
410 31.71764167 -101.8989036
411 31.71769001 -101.8978504
412 31.71773834 -101.8967972
413 31.71778665 -101.895744
414 31.71783496 -101.8946909
415 31.71788325 -101.8936377
416 31.71793154 -101.8925845
417 31.71797981 -101.8915313
418 31.71802808 -101.8904781
419 31.71807633 -101.8894249
420 31.71812457 -101.8883717
421 31.71817281 -101.8873185
422 31.71822103 -101.8862653
423 31.71826924 -101.8852121
424 31.71831744 -101.8841589
425 31.71836563 -101.8831057
426 31.71841381 -101.8820525
427 31.71846199 -101.8809992
428 31.71851015 -101.879946
429 31.7185583 -101.8788928
430 31.71860643 -101.8778396
431 31.71865456 -101.8767864
432 31.71870268 -101.8757332
433 31.71875079 -101.87468
434 31.71879889 -101.8736268
435 31.71884698 -101.8725735
436 31.71889505 -101.8715203
437 31.71894312 -101.8704671
438 31.71899118 -101.8694139
439 31.71903922 -101.8683606
440 31.71908726 -101.8673074
441 31.71913528 -101.8662542
442 31.7191833 -101.865201
443 31.71848922 -101.9000136
444 31.71853757 -101.8989604
445 31.7185859 -101.8979072
446 31.71863423 -101.896854
447 31.71868255 -101.8958008
448 31.71873085 -101.8947476
449 31.71877915 -101.8936944
450 31.71882744 -101.8926412
451 31.71887571 -101.891588
452 31.71892398 -101.8905348
453 31.71897223 -101.8894816
454 31.71902047 -101.8884284
455 31.71906871 -101.8873752
456 31.71911693 -101.886322
457 31.71916514 -101.8852687
458 31.71921334 -101.8842155
459 31.71926154 -101.8831623
460 31.71930972 -101.8821091
461 31.71935789 -101.8810559
462 31.71940605 -101.8800026
463 31.7194542 -101.8789494
464 31.71950234 -101.8778962
465 31.71955047 -101.876843
466 31.71959859 -101.8757897
467 31.7196467 -101.8747365
468 31.7196948 -101.8736833
469 31.71974289 -101.8726301
470 31.71979096 -101.8715768
471 31.71983903 -101.8705236
472 31.71988709 -101.8694704
473 31.71993513 -101.8684171
474 31.71998317 -101.8673639
475 31.7200312 -101.8663106
476 31.72007921 -101.8652574
477 31.71938511 -101.9000705
478 31.71943346 -101.8990173
479 31.7194818 -101.8979641
480 31.71953013 -101.8969108
481 31.71957845 -101.8958576
482 31.71962675 -101.8948044
483 31.71967505 -101.8937512
484 31.71972333 -101.892698
485 31.71977161 -101.8916448
486 31.71981988 -101.8905915
487 31.71986813 -101.8895383
488 31.71991637 -101.8884851
489 31.71996461 -101.8874319
490 31.72001283 -101.8863786
491 31.72006105 -101.8853254
492 31.72010925 -101.8842722
493 31.72015744 -101.883219
494 31.72020562 -101.8821657
495 31.7202538 -101.8811125
496 31.72030196 -101.8800593
497 31.72035011 -101.879006
498 31.72039825 -101.8779528
499 31.72044638 -101.8768996
500 31.7204945 -101.8758463
501 31.72054261 -101.8747931
502 31.72059071 -101.8737398
503 31.7206388 -101.8726866
504 31.72068688 -101.8716333
505 31.72073494 -101.8705801
506 31.720783 -101.8695269
507 31.72083105 -101.8684736
508 31.72087909 -101.8674204
509 31.72092711 -101.8663671
510 31.72097513 -101.8653138
511 31.72028101 -101.9001273
512 31.72032936 -101.8990741
513 31.7203777 -101.8980209
514 31.72042603 -101.8969677
515 31.72047434 -101.8959144
516 31.72052265 -101.8948612
517 31.72057095 -101.893808
518 31.72061923 -101.8927547
519 31.72066751 -101.8917015
520 31.72071578 -101.8906483
521 31.72076403 -101.889595
522 31.72081228 -101.8885418
523 31.72086051 -101.8874886
524 31.72090874 -101.8864353
525 31.72095695 -101.8853821
526 31.72100515 -101.8843289
527 31.72105335 -101.8832756
528 31.72110153 -101.8822224
529 31.7211497 -101.8811691
530 31.72119787 -101.8801159
531 31.72124602 -101.8790626
532 31.72129416 -101.8780094
533 31.72134229 -101.8769561
534 31.72139041 -101.8759029
535 31.72143852 -101.8748496
536 31.72148662 -101.8737964
537 31.72153471 -101.8727431
538 31.72158279 -101.8716899
539 31.72163086 -101.8706366
540 31.72167892 -101.8695833
541 31.72172696 -101.8685301
542 31.721775 -101.8674768
543 31.72182303 -101.8664236
544 31.72187105 -101.8653703
545 31.72117691 -101.9001842
546 31.72122526 -101.8991309
547 31.7212736 -101.8980777
548 31.72132193 -101.8970245
549 31.72137024 -101.8959712
550 31.72141855 -101.894918
551 31.72146685 -101.8938647
552 31.72151514 -101.8928115
553 31.72156341 -101.8917583
554 31.72161168 -101.890705
555 31.72165994 -101.8896518
556 31.72170818 -101.8885985
557 31.72175642 -101.8875453
558 31.72180464 -101.886492
559 31.72185286 -101.8854388
560 31.72190106 -101.8843855
561 31.72194926 -101.8833323
562 31.72199744 -101.882279
563 31.72204561 -101.8812257
564 31.72209378 -101.8801725
565 31.72214193 -101.8791192
566 31.72219007 -101.878066
567 31.7222382 -101.8770127
568 31.72228632 -101.8759594
569 31.72233443 -101.8749062
570 31.72238253 -101.8738529
571 31.72243062 -101.8727996
572 31.7224787 -101.8717464
573 31.72252677 -101.8706931
574 31.72257483 -101.8696398
575 31.72262288 -101.8685866
576 31.72267092 -101.8675333
577 31.72271895 -101.86648
578 31.72276696 -101.8654267
579 31.72207281 -101.900241
580 31.72212116 -101.8991878
581 31.7221695 -101.8981345
582 31.72221783 -101.8970813
583 31.72226615 -101.896028
584 31.72231445 -101.8949748
585 31.72236275 -101.8939215
586 31.72241104 -101.8928683
587 31.72245932 -101.891815
588 31.72250759 -101.8907618
589 31.72255584 -101.8897085
590 31.72260409 -101.8886552
591 31.72265233 -101.887602
592 31.72270055 -101.8865487
593 31.72274877 -101.8854954
594 31.72279697 -101.8844422
595 31.72284517 -101.8833889
596 31.72289335 -101.8823356
597 31.72294152 -101.8812824
598 31.72298969 -101.8802291
599 31.72303784 -101.8791758
600 31.72308598 -101.8781226
601 31.72313412 -101.8770693
602 31.72318224 -101.876016
603 31.72323035 -101.8749627
604 31.72327845 -101.8739095
605 31.72332654 -101.8728562
606 31.72337462 -101.8718029
607 31.72342269 -101.8707496
608 31.72347075 -101.8696963
609 31.7235188 -101.868643
610 31.72356684 -101.8675898
611 31.72361487 -101.8665365
612 31.72366289 -101.8654832
613 31.72296871 -101.9002979
614 31.72301706 -101.8992446
615 31.7230654 -101.8981913
616 31.72311373 -101.8971381
617 31.72316205 -101.8960848
618 31.72321036 -101.8950316
619 31.72325866 -101.8939783
620 31.72330695 -101.892925
621 31.72335522 -101.8918718
622 31.72340349 -101.8908185
623 31.72345175 -101.8897652
624 31.7235 -101.8887119
625 31.72354823 -101.8876587
626 31.72359646 -101.8866054
627 31.72364468 -101.8855521
628 31.72369288 -101.8844988
629 31.72374108 -101.8834456
630 31.72378926 -101.8823923
631 31.72383744 -101.881339
632 31.7238856 -101.8802857
633 31.72393375 -101.8792324
634 31.7239819 -101.8781792
635 31.72403003 -101.8771259
636 31.72407815 -101.8760726
637 31.72412627 -101.8750193
638 31.72417437 -101.873966
639 31.72422246 -101.8729127
640 31.72427054 -101.8718594
641 31.72431861 -101.8708061
642 31.72436667 -101.8697528
643 31.72441472 -101.8686995
644 31.72446276 -101.8676462
645 31.72451079 -101.8665929
646 31.72455881 -101.8655396
647 31.72386461 -101.9003547
648 31.72391296 -101.8993014
649 31.7239613 -101.8982482
650 31.72400963 -101.8971949
651 31.72405795 -101.8961416
652 31.72410626 -101.8950883
653 31.72415456 -101.8940351
654 31.72420285 -101.8929818
655 31.72425113 -101.8919285
656 31.7242994 -101.8908752
657 31.72434766 -101.8898219
658 31.72439591 -101.8887687
659 31.72444414 -101.8877154
660 31.72449237 -101.8866621
661 31.72454059 -101.8856088
662 31.72458879 -101.8845555
663 31.72463699 -101.8835022
664 31.72468518 -101.8824489
665 31.72473335 -101.8813956
666 31.72478152 -101.8803423
667 31.72482967 -101.879289
668 31.72487781 -101.8782357
669 31.72492595 -101.8771824
670 31.72497407 -101.8761291
671 31.72502218 -101.8750758
672 31.72507029 -101.8740225
673 31.72511838 -101.8729692
674 31.72516646 -101.8719159
675 31.72521453 -101.8708626
676 31.72526259 -101.8698093
677 31.72531064 -101.868756
678 31.72535868 -101.8677027
679 31.72540671 -101.8666494
680 31.72545473 -101.8655961
681 31.72476052 -101.9004116
682 31.72480887 -101.8993583
683 31.72485721 -101.898305
684 31.72490554 -101.8972517
685 31.72495386 -101.8961984
686 31.72500217 -101.8951451
687 31.72505047 -101.8940918
688 31.72509876 -101.8930386
689 31.72514704 -101.8919853
690 31.72519531 -101.890932
691 31.72524357 -101.8898787
692 31.72529182 -101.8888254
693 31.72534006 -101.8877721
694 31.72538828 -101.8867188
695 31.7254365 -101.8856655
696 31.72548471 -101.8846122
697 31.72553291 -101.8835589
698 31.72558109 -101.8825056
699 31.72562927 -101.8814523
700 31.72567743 -101.880399
701 31.72572559 -101.8793457
702 31.72577373 -101.8782923
703 31.72582187 -101.877239
704 31.72586999 -101.8761857
705 31.7259181 -101.8751324
706 31.72596621 -101.8740791
707 31.7260143 -101.8730258
708 31.72606238 -101.8719725
709 31.72611045 -101.8709191
710 31.72615852 -101.8698658
711 31.72620657 -101.8688125
712 31.72625461 -101.8677592
713 31.72630264 -101.8667059
714 31.72635066 -101.8656525
715 31.72565642 -101.9004684
716 31.72570477 -101.8994151
717 31.72575312 -101.8983618
718 31.72580145 -101.8973085
719 31.72584977 -101.8962552
720 31.72589808 -101.8952019
721 31.72594638 -101.8941486
722 31.72599467 -101.8930953
723 31.72604295 -101.892042
724 31.72609122 -101.8909887
725 31.72613948 -101.8899354
726 31.72618773 -101.8888821
727 31.72623597 -101.8878288
728 31.7262842 -101.8867755
729 31.72633242 -101.8857222
730 31.72638062 -101.8846689
731 31.72642882 -101.8836155
732 31.72647701 -101.8825622
733 31.72652518 -101.8815089
734 31.72657335 -101.8804556
735 31.72662151 -101.8794023
736 31.72666965 -101.8783489
737 31.72671779 -101.8772956
738 31.72676591 -101.8762423
739 31.72681403 -101.875189
740 31.72686213 -101.8741356
741 31.72691022 -101.8730823
742 31.72695831 -101.872029
743 31.72700638 -101.8709757
744 31.72705444 -101.8699223
745 31.72710249 -101.868869
746 31.72715053 -101.8678157
747 31.72719856 -101.8667623
748 31.72724659 -101.865709
749 31.72655233 -101.9005253
750 31.72660068 -101.899472
751 31.72664903 -101.8984187
752 31.72669736 -101.8973653
753 31.72674568 -101.896312
754 31.72679399 -101.8952587
755 31.72684229 -101.8942054
756 31.72689059 -101.8931521
757 31.72693887 -101.8920988
758 31.72698714 -101.8910455
759 31.7270354 -101.8899921
760 31.72708365 -101.8889388
761 31.72713189 -101.8878855
762 31.72718012 -101.8868322
763 31.72722833 -101.8857788
764 31.72727654 -101.8847255
765 31.72732474 -101.8836722
766 31.72737293 -101.8826189
767 31.7274211 -101.8815655
768 31.72746927 -101.8805122
769 31.72751743 -101.8794589
770 31.72756557 -101.8784055
771 31.72761371 -101.8773522
772 31.72766183 -101.8762989
773 31.72770995 -101.8752455
774 31.72775805 -101.8741922
775 31.72780615 -101.8731389
776 31.72785423 -101.8720855
777 31.7279023 -101.8710322
778 31.72795037 -101.8699788
779 31.72799842 -101.8689255
780 31.72804646 -101.8678721
781 31.72809449 -101.8668188
782 31.72814251 -101.8657654
783 31.72744824 -101.9005821
784 31.72749659 -101.8995288
785 31.72754494 -101.8984755
786 31.72759327 -101.8974222
787 31.72764159 -101.8963688
788 31.72768991 -101.8953155
789 31.72773821 -101.8942622
790 31.7277865 -101.8932089
791 31.72783478 -101.8921555
792 31.72788305 -101.8911022
793 31.72793131 -101.8900489
794 31.72797956 -101.8889955
795 31.7280278 -101.8879422
796 31.72807603 -101.8868889
797 31.72812425 -101.8858355
798 31.72817246 -101.8847822
799 31.72822066 -101.8837289
800 31.72826885 -101.8826755
801 31.72831703 -101.8816222
802 31.72836519 -101.8805688
803 31.72841335 -101.8795155
804 31.7284615 -101.8784621
805 31.72850963 -101.8774088
806 31.72855776 -101.8763554
807 31.72860587 -101.8753021
808 31.72865398 -101.8742487
809 31.72870207 -101.8731954
810 31.72875016 -101.872142
811 31.72879823 -101.8710887
812 31.7288463 -101.8700353
813 31.72889435 -101.868982
814 31.72894239 -101.8679286
815 31.72899042 -101.8668752
816 31.72903845 -101.8658219
817 31.72834415 -101.900639
818 31.7283925 -101.8995857
819 31.72844085 -101.8985323
820 31.72848918 -101.897479
821 31.72853751 -101.8964257
822 31.72858582 -101.8953723
823 31.72863412 -101.894319
824 31.72868242 -101.8932656
825 31.7287307 -101.8922123
826 31.72877897 -101.891159
827 31.72882723 -101.8901056
828 31.72887548 -101.8890523
829 31.72892372 -101.8879989
830 31.72897195 -101.8869456
831 31.72902017 -101.8858922
832 31.72906838 -101.8848389
833 31.72911658 -101.8837855
834 31.72916477 -101.8827322
835 31.72921295 -101.8816788
836 31.72926112 -101.8806255
837 31.72930927 -101.8795721
838 31.72935742 -101.8785187
839 31.72940556 -101.8774654
840 31.72945368 -101.876412
841 31.7295018 -101.8753587
842 31.72954991 -101.8743053
843 31.729598 -101.8732519
844 31.72964609 -101.8721986
845 31.72969416 -101.8711452
846 31.72974223 -101.8700918
847 31.72979028 -101.8690385
848 31.72983832 -101.8679851
849 31.72988636 -101.8669317
850 31.72993438 -101.8658783
851 31.72924006 -101.9006958
852 31.72928842 -101.8996425
853 31.72933676 -101.8985892
854 31.7293851 -101.8975358
855 31.72943342 -101.8964825
856 31.72948174 -101.8954291
857 31.72953004 -101.8943758
858 31.72957833 -101.8933224
859 31.72962662 -101.8922691
860 31.72967489 -101.8912157
861 31.72972315 -101.8901623
862 31.7297714 -101.889109
863 31.72981964 -101.8880556
864 31.72986787 -101.8870023
865 31.72991609 -101.8859489
866 31.7299643 -101.8848955
867 31.7300125 -101.8838422
868 31.73006069 -101.8827888
869 31.73010887 -101.8817354
870 31.73015704 -101.8806821
871 31.7302052 -101.8796287
872 31.73025335 -101.8785753
873 31.73030149 -101.877522
874 31.73034961 -101.8764686
875 31.73039773 -101.8754152
876 31.73044584 -101.8743618
877 31.73049393 -101.8733085
878 31.73054202 -101.8722551
879 31.73059009 -101.8712017
880 31.73063816 -101.8701483
881 31.73068621 -101.8690949
882 31.73073426 -101.8680416
883 31.73078229 -101.8669882
884 31.73083031 -101.8659348
885 31.73013598 -101.9007527
886 31.73018433 -101.8996993
887 31.73023268 -101.898646
888 31.73028101 -101.8975926
889 31.73032934 -101.8965393
890 31.73037765 -101.8954859
891 31.73042596 -101.8944325
892 31.73047425 -101.8933792
893 31.73052254 -101.8923258
894 31.73057081 -101.8912724
895 31.73061907 -101.8902191
896 31.73066732 -101.8891657
897 31.73071557 -101.8881123
898 31.7307638 -101.887059
899 31.73081202 -101.8860056
900 31.73086023 -101.8849522
901 31.73090843 -101.8838988
902 31.73095662 -101.8828455
903 31.7310048 -101.8817921
904 31.73105297 -101.8807387
905 31.73110113 -101.8796853
906 31.73114928 -101.8786319
907 31.73119741 -101.8775786
908 31.73124554 -101.8765252
909 31.73129366 -101.8754718
910 31.73134177 -101.8744184
911 31.73138986 -101.873365
912 31.73143795 -101.8723116
913 31.73148603 -101.8712582
914 31.73153409 -101.8702048
915 31.73158215 -101.8691514
916 31.73163019 -101.868098
917 31.73167822 -101.8670447
918 31.73172625 -101.8659913
919 31.73103189 -101.9008096
920 31.73108025 -101.8997562
921 31.7311286 -101.8987028
922 31.73117693 -101.8976495
923 31.73122526 -101.8965961
924 31.73127357 -101.8955427
925 31.73132188 -101.8944893
926 31.73137017 -101.893436
927 31.73141846 -101.8923826
928 31.73146673 -101.8913292
929 31.73151499 -101.8902758
930 31.73156325 -101.8892224
931 31.73161149 -101.8881691
932 31.73165972 -101.8871157
933 31.73170794 -101.8860623
934 31.73175616 -101.8850089
935 31.73180436 -101.8839555
936 31.73185255 -101.8829021
937 31.73190073 -101.8818487
938 31.7319489 -101.8807953
939 31.73199706 -101.8797419
940 31.73204521 -101.8786886
941 31.73209334 -101.8776352
942 31.73214147 -101.8765818
943 31.73218959 -101.8755284
944 31.7322377 -101.874475
945 31.7322858 -101.8734216
946 31.73233388 -101.8723682
947 31.73238196 -101.8713148
948 31.73243003 -101.8702613
949 31.73247808 -101.8692079
950 31.73252613 -101.8681545
951 31.73257416 -101.8671011
952 31.73262219 -101.8660477
953 31.73192781 -101.9008664
954 31.73197617 -101.899813
955 31.73202452 -101.8987597
956 31.73207285 -101.8977063
957 31.73212118 -101.8966529
958 31.73216949 -101.8955995
959 31.7322178 -101.8945461
960 31.7322661 -101.8934927
961 31.73231438 -101.8924393
962 31.73236265 -101.891386
963 31.73241092 -101.8903326
964 31.73245917 -101.8892792
965 31.73250742 -101.8882258
966 31.73255565 -101.8871724
967 31.73260387 -101.886119
968 31.73265208 -101.8850656
969 31.73270028 -101.8840122
970 31.73274848 -101.8829588
971 31.73279666 -101.8819054
972 31.73284483 -101.880852
973 31.73289299 -101.8797986
974 31.73294114 -101.8787452
975 31.73298928 -101.8776917
976 31.73303741 -101.8766383
977 31.73308552 -101.8755849
978 31.73313363 -101.8745315
979 31.73318173 -101.8734781
980 31.73322982 -101.8724247
981 31.7332779 -101.8713713
982 31.73332596 -101.8703179
983 31.73337402 -101.8692644
984 31.73342207 -101.868211
985 31.7334701 -101.8671576
986 31.73351813 -101.8661042
987 31.73282373 -101.9009233
988 31.73287209 -101.8998699
989 31.73292044 -101.8988165
990 31.73296877 -101.8977631
991 31.7330171 -101.8967097
992 31.73306542 -101.8956563
993 31.73311372 -101.8946029
994 31.73316202 -101.8935495
995 31.7332103 -101.8924961
996 31.73325858 -101.8914427
997 31.73330684 -101.8903893
998 31.7333551 -101.8893359
999 31.73340334 -101.8882825
1000 31.73345158 -101.8872291
1001 31.7334998 -101.8861757
1002 31.73354801 -101.8851223
1003 31.73359621 -101.8840688
1004 31.73364441 -101.8830154
1005 31.73369259 -101.881962
1006 31.73374076 -101.8809086
1007 31.73378892 -101.8798552
1008 31.73383707 -101.8788018
1009 31.73388521 -101.8777483
1010 31.73393334 -101.8766949
1011 31.73398146 -101.8756415
1012 31.73402957 -101.8745881
1013 31.73407767 -101.8735346
1014 31.73412576 -101.8724812
1015 31.73417383 -101.8714278
1016 31.7342219 -101.8703744
1017 31.73426996 -101.8693209
1018 31.734318 -101.8682675
1019 31.73436604 -101.8672141
1020 31.73441407 -101.8661606
1021 31.73371965 -101.9009802
1022 31.73376801 -101.8999267
1023 31.73381636 -101.8988733
1024 31.7338647 -101.8978199
1025 31.73391302 -101.8967665
1026 31.73396134 -101.8957131
1027 31.73400965 -101.8946597
1028 31.73405795 -101.8936063
1029 31.73410623 -101.8925529
1030 31.73415451 -101.8914995
1031 31.73420277 -101.890446
1032 31.73425103 -101.8893926
1033 31.73429927 -101.8883392
1034 31.73434751 -101.8872858
1035 31.73439573 -101.8862324
1036 31.73444394 -101.8851789
1037 31.73449215 -101.8841255
1038 31.73454034 -101.8830721
1039 31.73458852 -101.8820187
1040 31.73463669 -101.8809652
1041 31.73468485 -101.8799118
1042 31.73473301 -101.8788584
1043 31.73478115 -101.8778049
1044 31.73482928 -101.8767515
1045 31.7348774 -101.8756981
1046 31.73492551 -101.8746446
1047 31.73497361 -101.8735912
1048 31.73502169 -101.8725378
1049 31.73506977 -101.8714843
1050 31.73511784 -101.8704309
1051 31.7351659 -101.8693774
1052 31.73521395 -101.868324
1053 31.73526198 -101.8672705
1054 31.73531001 -101.8662171
1055 31.73461558 -101.901037
1056 31.73466393 -101.8999836
1057 31.73471228 -101.8989302
1058 31.73476062 -101.8978768
1059 31.73480895 -101.8968233
1060 31.73485727 -101.8957699
1061 31.73490558 -101.8947165
1062 31.73495387 -101.8936631
1063 31.73500216 -101.8926096
1064 31.73505044 -101.8915562
1065 31.7350987 -101.8905028
1066 31.73514696 -101.8894494
1067 31.7351952 -101.8883959
1068 31.73524344 -101.8873425
1069 31.73529166 -101.8862891
1070 31.73533988 -101.8852356
1071 31.73538808 -101.8841822
1072 31.73543627 -101.8831287
1073 31.73548446 -101.8820753
1074 31.73553263 -101.8810219
1075 31.73558079 -101.8799684
1076 31.73562894 -101.878915
1077 31.73567708 -101.8778615
1078 31.73572522 -101.8768081
1079 31.73577334 -101.8757546
1080 31.73582145 -101.8747012
1081 31.73586955 -101.8736477
1082 31.73591764 -101.8725943
1083 31.73596571 -101.8715408
1084 31.73601378 -101.8704874
1085 31.73606184 -101.8694339
1086 31.73610989 -101.8683805
1087 31.73615793 -101.867327
1088 31.73620595 -101.8662736
1089 31.7355115 -101.9010939
1090 31.73555986 -101.9000405
1091 31.73560821 -101.898987
1092 31.73565655 -101.8979336
1093 31.73570488 -101.8968802
1094 31.7357532 -101.8958267
1095 31.7358015 -101.8947733
1096 31.7358498 -101.8937199
1097 31.73589809 -101.8926664
1098 31.73594637 -101.891613
1099 31.73599463 -101.8905595
1100 31.73604289 -101.8895061
1101 31.73609114 -101.8884526
1102 31.73613937 -101.8873992
1103 31.7361876 -101.8863458
1104 31.73623581 -101.8852923
1105 31.73628402 -101.8842389
1106 31.73633221 -101.8831854
1107 31.73638039 -101.882132
1108 31.73642857 -101.8810785
1109 31.73647673 -101.8800251
1110 31.73652488 -101.8789716
1111 31.73657302 -101.8779181
1112 31.73662115 -101.8768647
1113 31.73666928 -101.8758112
1114 31.73671739 -101.8747578
1115 31.73676549 -101.8737043
1116 31.73681358 -101.8726508
1117 31.73686166 -101.8715974
1118 31.73690973 -101.8705439
1119 31.73695779 -101.8694904
1120 31.73700583 -101.868437
1121 31.73705387 -101.8673835
1122 31.7371019 -101.86633
1123 31.73640743 -101.9011508
1124 31.73645579 -101.9000973
1125 31.73650414 -101.8990439
1126 31.73655248 -101.8979904
1127 31.73660081 -101.896937
1128 31.73664913 -101.8958835
1129 31.73669743 -101.8948301
1130 31.73674573 -101.8937766
1131 31.73679402 -101.8927232
1132 31.7368423 -101.8916697
1133 31.73689057 -101.8906163
1134 31.73693882 -101.8895628
1135 31.73698707 -101.8885094
1136 31.73703531 -101.8874559
1137 31.73708353 -101.8864025
1138 31.73713175 -101.885349
1139 31.73717995 -101.8842955
1140 31.73722815 -101.8832421
1141 31.73727633 -101.8821886
1142 31.7373245 -101.8811351
1143 31.73737267 -101.8800817
1144 31.73742082 -101.8790282
1145 31.73746896 -101.8779747
1146 31.7375171 -101.8769213
1147 31.73756522 -101.8758678
1148 31.73761333 -101.8748143
1149 31.73766143 -101.8737608
1150 31.73770952 -101.8727074
1151 31.7377576 -101.8716539
1152 31.73780567 -101.8706004
1153 31.73785373 -101.8695469
1154 31.73790178 -101.8684935
1155 31.73794982 -101.86744
1156 31.73799785 -101.8663865
1157 31.73730335 -101.9012076
1158 31.73735172 -101.9001542
1159 31.73740007 -101.8991007
1160 31.73744841 -101.8980473
1161 31.73749674 -101.8969938
1162 31.73754506 -101.8959403
1163 31.73759337 -101.8948869
1164 31.73764167 -101.8938334
1165 31.73768995 -101.89278
1166 31.73773823 -101.8917265
1167 31.7377865 -101.890673
1168 31.73783476 -101.8896196
1169 31.73788301 -101.8885661
1170 31.73793124 -101.8875126
1171 31.73797947 -101.8864592
1172 31.73802768 -101.8854057
1173 31.73807589 -101.8843522
1174 31.73812409 -101.8832987
1175 31.73817227 -101.8822453
1176 31.73822045 -101.8811918
1177 31.73826861 -101.8801383
1178 31.73831676 -101.8790848
1179 31.73836491 -101.8780313
1180 31.73841304 -101.8769779
1181 31.73846116 -101.8759244
1182 31.73850927 -101.8748709
1183 31.73855738 -101.8738174
1184 31.73860547 -101.8727639
1185 31.73865355 -101.8717104
1186 31.73870162 -101.8706569
1187 31.73874968 -101.8696034
1188 31.73879773 -101.8685499
1189 31.73884577 -101.8674965
1190 31.7388938 -101.866443
1191 31.73819928 -101.9012645
1192 31.73824765 -101.900211
1193 31.738296 -101.8991576
1194 31.73834434 -101.8981041
1195 31.73839267 -101.8970506
1196 31.73844099 -101.8959972
1197 31.7384893 -101.8949437
1198 31.7385376 -101.8938902
1199 31.73858589 -101.8928367
1200 31.73863417 -101.8917833
1201 31.73868244 -101.8907298
1202 31.7387307 -101.8896763
1203 31.73877894 -101.8886228
1204 31.73882718 -101.8875693
1205 31.73887541 -101.8865159
1206 31.73892362 -101.8854624
1207 31.73897183 -101.8844089
1208 31.73902003 -101.8833554
1209 31.73906821 -101.8823019
1210 31.73911639 -101.8812484
1211 31.73916455 -101.8801949
1212 31.73921271 -101.8791414
1213 31.73926085 -101.8780879
1214 31.73930898 -101.8770344
1215 31.73935711 -101.875981
1216 31.73940522 -101.8749275
1217 31.73945332 -101.873874
1218 31.73950141 -101.8728205
1219 31.7395495 -101.871767
1220 31.73959757 -101.8707135
1221 31.73964563 -101.8696599
1222 31.73969368 -101.8686064
1223 31.73974172 -101.8675529
1224 31.73978975 -101.8664994
1225 31.73909522 -101.9013214
1226 31.73914358 -101.9002679
1227 31.73919193 -101.8992144
1228 31.73924027 -101.8981609
1229 31.7392886 -101.8971074
1230 31.73933693 -101.896054
1231 31.73938524 -101.8950005
1232 31.73943354 -101.893947
1233 31.73948183 -101.8928935
1234 31.73953011 -101.89184
1235 31.73957838 -101.8907865
1236 31.73962663 -101.889733
1237 31.73967488 -101.8886795
1238 31.73972312 -101.8876261
1239 31.73977135 -101.8865726
1240 31.73981957 -101.8855191
1241 31.73986777 -101.8844656
1242 31.73991597 -101.8834121
1243 31.73996416 -101.8823586
1244 31.74001233 -101.8813051
1245 31.7400605 -101.8802516
1246 31.74010865 -101.8791981
1247 31.7401568 -101.8781445
1248 31.74020493 -101.877091
1249 31.74025305 -101.8760375
1250 31.74030117 -101.874984
1251 31.74034927 -101.8739305
1252 31.74039736 -101.872877
1253 31.74044545 -101.8718235
1254 31.74049352 -101.87077
1255 31.74054158 -101.8697165
1256 31.74058963 -101.8686629
1257 31.74063767 -101.8676094
1258 31.7406857 -101.8665559
1259 31.73999115 -101.9013782
1260 31.74003951 -101.9003248
1261 31.74008786 -101.8992713
1262 31.74013621 -101.8982178
1263 31.74018454 -101.8971643
1264 31.74023286 -101.8961108
1265 31.74028117 -101.8950573
1266 31.74032947 -101.8940038
1267 31.74037776 -101.8929503
1268 31.74042604 -101.8918968
1269 31.74047431 -101.8908433
1270 31.74052257 -101.8897898
1271 31.74057082 -101.8887363
1272 31.74061906 -101.8876828
1273 31.74066729 -101.8866293
1274 31.74071551 -101.8855758
1275 31.74076372 -101.8845222
1276 31.74081191 -101.8834687
1277 31.7408601 -101.8824152
1278 31.74090828 -101.8813617
1279 31.74095644 -101.8803082
1280 31.7410046 -101.8792547
1281 31.74105274 -101.8782012
1282 31.74110088 -101.8771476
1283 31.741149 -101.8760941
1284 31.74119712 -101.8750406
1285 31.74124522 -101.8739871
1286 31.74129331 -101.8729335
1287 31.7413414 -101.87188
1288 31.74138947 -101.8708265
1289 31.74143753 -101.869773
1290 31.74148558 -101.8687194
1291 31.74153363 -101.8676659
1292 31.74158166 -101.8666124
1293 31.74088708 -101.9014351
1294 31.74093545 -101.9003816
1295 31.7409838 -101.8993281
1296 31.74103214 -101.8982746
1297 31.74108048 -101.8972211
1298 31.7411288 -101.8961676
1299 31.74117711 -101.8951141
1300 31.74122541 -101.8940606
1301 31.7412737 -101.8930071
1302 31.74132199 -101.8919535
1303 31.74137026 -101.8909
1304 31.74141852 -101.8898465
1305 31.74146677 -101.888793
1306 31.74151501 -101.8877395
1307 31.74156323 -101.886686
1308 31.74161145 -101.8856324
1309 31.74165966 -101.8845789
1310 31.74170786 -101.8835254
1311 31.74175605 -101.8824719
1312 31.74180422 -101.8814183
1313 31.74185239 -101.8803648
1314 31.74190055 -101.8793113
1315 31.74194869 -101.8782578
1316 31.74199683 -101.8772042
1317 31.74204495 -101.8761507
1318 31.74209307 -101.8750972
1319 31.74214117 -101.8740436
1320 31.74218927 -101.8729901
1321 31.74223735 -101.8719366
1322 31.74228542 -101.870883
1323 31.74233349 -101.8698295
1324 31.74238154 -101.8687759
1325 31.74242958 -101.8677224
1326 31.74247761 -101.8666688
1327 31.74178302 -101.901492
1328 31.74183138 -101.9004385
1329 31.74187974 -101.899385
1330 31.74192808 -101.8983314
1331 31.74197642 -101.8972779
1332 31.74202474 -101.8962244
1333 31.74207305 -101.8951709
1334 31.74212135 -101.8941174
1335 31.74216965 -101.8930638
1336 31.74221793 -101.8920103
1337 31.7422662 -101.8909568
1338 31.74231446 -101.8899033
1339 31.74236271 -101.8888497
1340 31.74241095 -101.8877962
1341 31.74245918 -101.8867427
1342 31.7425074 -101.8856891
1343 31.74255561 -101.8846356
1344 31.74260381 -101.8835821
1345 31.742652 -101.8825285
1346 31.74270017 -101.881475
1347 31.74274834 -101.8804215
1348 31.7427965 -101.8793679
1349 31.74284464 -101.8783144
1350 31.74289278 -101.8772608
1351 31.74294091 -101.8762073
1352 31.74298902 -101.8751537
1353 31.74303713 -101.8741002
1354 31.74308522 -101.8730466
1355 31.74313331 -101.8719931
1356 31.74318138 -101.8709395
1357 31.74322944 -101.869886
1358 31.7432775 -101.8688324
1359 31.74332554 -101.8677789
1360 31.74337357 -101.8667253
1361 31.74267896 -101.9015489
1362 31.74272732 -101.9004953
1363 31.74277568 -101.8994418
1364 31.74282402 -101.8983883
1365 31.74287236 -101.8973348
1366 31.74292068 -101.8962812
1367 31.74296899 -101.8952277
1368 31.7430173 -101.8941742
1369 31.74306559 -101.8931206
1370 31.74311387 -101.8920671
1371 31.74316214 -101.8910135
1372 31.74321041 -101.88996
1373 31.74325866 -101.8889065
1374 31.7433069 -101.8878529
1375 31.74335513 -101.8867994
1376 31.74340335 -101.8857458
1377 31.74345156 -101.8846923
1378 31.74349976 -101.8836387
1379 31.74354795 -101.8825852
1380 31.74359612 -101.8815316
1381 31.74364429 -101.8804781
1382 31.74369245 -101.8794245
1383 31.7437406 -101.878371
1384 31.74378873 -101.8773174
1385 31.74383686 -101.8762639
1386 31.74388498 -101.8752103
1387 31.74393308 -101.8741567
1388 31.74398118 -101.8731032
1389 31.74402926 -101.8720496
1390 31.74407734 -101.8709961
1391 31.7441254 -101.8699425
1392 31.74417345 -101.8688889
1393 31.7442215 -101.8678354
1394 31.74426953 -101.8667818
1395 31.7435749 -101.9016058
1396 31.74362326 -101.9005522
1397 31.74367162 -101.8994987
1398 31.74371996 -101.8984451
1399 31.7437683 -101.8973916
1400 31.74381662 -101.896338
1401 31.74386494 -101.8952845
1402 31.74391324 -101.894231
1403 31.74396154 -101.8931774
1404 31.74400982 -101.8921239
1405 31.74405809 -101.8910703
1406 31.74410635 -101.8900168
1407 31.7441546 -101.8889632
1408 31.74420285 -101.8879096
1409 31.74425108 -101.8868561
1410 31.7442993 -101.8858025
1411 31.74434751 -101.884749
1412 31.74439571 -101.8836954
1413 31.7444439 -101.8826418
1414 31.74449208 -101.8815883
1415 31.74454024 -101.8805347
1416 31.7445884 -101.8794812
1417 31.74463655 -101.8784276
1418 31.74468469 -101.877374
1419 31.74473282 -101.8763205
1420 31.74478093 -101.8752669
1421 31.74482904 -101.8742133
1422 31.74487713 -101.8731597
1423 31.74492522 -101.8721062
1424 31.7449733 -101.8710526
1425 31.74502136 -101.869999
1426 31.74506941 -101.8689454
1427 31.74511746 -101.8678919
1428 31.74516549 -101.8668383
1429 31.74447084 -101.9016626
1430 31.74451921 -101.9006091
1431 31.74456756 -101.8995555
1432 31.74461591 -101.898502
1433 31.74466424 -101.8974484
1434 31.74471257 -101.8963949
1435 31.74476088 -101.8953413
1436 31.74480919 -101.8942877
1437 31.74485748 -101.8932342
1438 31.74490577 -101.8921806
1439 31.74495404 -101.8911271
1440 31.7450023 -101.8900735
1441 31.74505055 -101.8890199
1442 31.7450988 -101.8879664
1443 31.74514703 -101.8869128
1444 31.74519525 -101.8858592
1445 31.74524346 -101.8848057
1446 31.74529166 -101.8837521
1447 31.74533985 -101.8826985
1448 31.74538803 -101.8816449
1449 31.7454362 -101.8805914
1450 31.74548436 -101.8795378
1451 31.74553251 -101.8784842
1452 31.74558064 -101.8774306
1453 31.74562877 -101.876377
1454 31.74567689 -101.8753235
1455 31.745725 -101.8742699
1456 31.74577309 -101.8732163
1457 31.74582118 -101.8721627
1458 31.74586926 -101.8711091
1459 31.74591732 -101.8700555
1460 31.74596538 -101.8690019
1461 31.74601342 -101.8679483
1462 31.74606146 -101.8668948
1463 31.74536678 -101.9017195
1464 31.74541515 -101.9006659
1465 31.74546351 -101.8996124
1466 31.74551185 -101.8985588
1467 31.74556019 -101.8975053
1468 31.74560852 -101.8964517
1469 31.74565683 -101.8953981
1470 31.74570514 -101.8943445
1471 31.74575343 -101.893291
1472 31.74580171 -101.8922374
1473 31.74584999 -101.8911838
1474 31.74589825 -101.8901302
1475 31.7459465 -101.8890767
1476 31.74599475 -101.8880231
1477 31.74604298 -101.8869695
1478 31.7460912 -101.8859159
1479 31.74613941 -101.8848623
1480 31.74618761 -101.8838088
1481 31.74623581 -101.8827552
1482 31.74628399 -101.8817016
1483 31.74633216 -101.880648
1484 31.74638031 -101.8795944
1485 31.74642846 -101.8785408
1486 31.7464766 -101.8774872
1487 31.74652473 -101.8764336
1488 31.74657285 -101.87538
1489 31.74662096 -101.8743264
1490 31.74666905 -101.8732728
1491 31.74671714 -101.8722192
1492 31.74676522 -101.8711656
1493 31.74681328 -101.870112
1494 31.74686134 -101.8690584
1495 31.74690939 -101.8680048
1496 31.74695742 -101.8669512
1497 31.74626273 -101.9017764
1498 31.7463111 -101.9007228
1499 31.74635945 -101.8996692
1500 31.7464078 -101.8986157
1501 31.74645614 -101.8975621
1502 31.74650446 -101.8965085
1503 31.74655278 -101.8954549
1504 31.74660109 -101.8944013
1505 31.74664938 -101.8933478
1506 31.74669767 -101.8922942
1507 31.74674594 -101.8912406
1508 31.7467942 -101.890187
1509 31.74684246 -101.8891334
1510 31.7468907 -101.8880798
1511 31.74693893 -101.8870262
1512 31.74698716 -101.8859726
1513 31.74703537 -101.884919
1514 31.74708357 -101.8838654
1515 31.74713176 -101.8828118
1516 31.74717994 -101.8817582
1517 31.74722811 -101.8807046
1518 31.74727627 -101.879651
1519 31.74732442 -101.8785974
1520 31.74737256 -101.8775438
1521 31.74742069 -101.8764902
1522 31.74746881 -101.8754366
1523 31.74751692 -101.874383
1524 31.74756502 -101.8733294
1525 31.7476131 -101.8722758
1526 31.74766118 -101.8712222
1527 31.74770925 -101.8701686
1528 31.74775731 -101.8691149
1529 31.74780535 -101.8680613
1530 31.74785339 -101.8670077
1531 31.74715867 -101.9018333
1532 31.74720704 -101.9007797
1533 31.7472554 -101.8997261
1534 31.74730375 -101.8986725
1535 31.74735209 -101.8976189
1536 31.74740041 -101.8965653
1537 31.74744873 -101.8955117
1538 31.74749704 -101.8944581
1539 31.74754533 -101.8934045
1540 31.74759362 -101.8923509
1541 31.74764189 -101.8912973
1542 31.74769016 -101.8902437
1543 31.74773841 -101.8891901
1544 31.74778666 -101.8881365
1545 31.74783489 -101.8870829
1546 31.74788311 -101.8860293
1547 31.74793133 -101.8849757
1548 31.74797953 -101.8839221
1549 31.74802772 -101.8828685
1550 31.7480759 -101.8818149
1551 31.74812407 -101.8807613
1552 31.74817223 -101.8797077
1553 31.74822038 -101.878654
1554 31.74826852 -101.8776004
1555 31.74831665 -101.8765468
1556 31.74836477 -101.8754932
1557 31.74841288 -101.8744396
1558 31.74846098 -101.873386
1559 31.74850907 -101.8723323
1560 31.74855715 -101.8712787
1561 31.74860521 -101.8702251
1562 31.74865327 -101.8691715
1563 31.74870132 -101.8681178
1564 31.74874935 -101.8670642
1565 31.74805462 -101.9018902
1566 31.74810299 -101.9008366
1567 31.74815135 -101.899783
1568 31.7481997 -101.8987294
1569 31.74824804 -101.8976758
1570 31.74829637 -101.8966222
1571 31.74834468 -101.8955685
1572 31.74839299 -101.8945149
1573 31.74844129 -101.8934613
1574 31.74848957 -101.8924077
1575 31.74853785 -101.8913541
1576 31.74858611 -101.8903005
1577 31.74863437 -101.8892469
1578 31.74868261 -101.8881933
1579 31.74873085 -101.8871396
1580 31.74877907 -101.886086
1581 31.74882728 -101.8850324
1582 31.74887549 -101.8839788
1583 31.74892368 -101.8829252
1584 31.74897186 -101.8818715
1585 31.74902003 -101.8808179
1586 31.7490682 -101.8797643
1587 31.74911635 -101.8787107
1588 31.74916449 -101.877657
1589 31.74921262 -101.8766034
1590 31.74926074 -101.8755498
1591 31.74930885 -101.8744961
1592 31.74935695 -101.8734425
1593 31.74940504 -101.8723889
1594 31.74945311 -101.8713352
1595 31.74950118 -101.8702816
1596 31.74954924 -101.869228
1597 31.74959729 -101.8681743
1598 31.74964532 -101.8671207
